"omega_b h^2     Neff       n         p         D         t         He3         a         Li7         Be7         chi2BBN         chi2CMB         chi2BBNCMB"
0.02 3.0457819812393545 9.44194700761214e-11 0.753816996203133 0.00002206921409516659 7.180473675376106e-8 8.54160703319833e-6 0.06152825565818782 2.5090311783360328e-11 3.1887999712875785e-10 0. 0. 0.
0.0205 3.0457819812393545 8.899771505120211e-11 0.7535769445658265 0.000021197224477595932 6.889611138432237e-8 8.418702599400075e-6 0.06158879889055865 2.4407376301724375e-11 3.3837817863282175e-10 0. 0. 0.
0.021 3.0457819812393545 8.397637765347302e-11 0.7533436783387787 0.00002037652338817835 6.615923176018145e-8 8.301277877390205e-6 0.06164761588678239 2.374965677876177e-11 3.5820523864282273e-10 0. 0. 0.
0.021500000000000002 3.0457819812393545 7.931741447798054e-11 0.7531168229777924 0.00001960288372897331 6.357999164818647e-8 8.188961687075883e-6 0.061704802685493734 2.3114959758291093e-11 3.7833409077112713e-10 0. 0. 0.
0.022 3.0457819812393545 7.498731885836203e-11 0.7528960359223859 0.000018872538046030667 6.114580394603762e-8 8.081420254425433e-6 0.06176044707036079 2.2501411514077096e-11 3.987376400904607e-10 0. 0. 0.
0.0225 3.0457819812393545 7.095639433557437e-11 0.7526810023076618 0.0000181821032732055 5.884536508454659e-8 7.97834484891949e-6 0.06181462968922685 2.190741104840015e-11 4.1938995848910453e-10 0. 0. 0.
0.023 3.0457819812393545 6.719817252210255e-11 0.7524714313485324 0.000017528523316790606 5.666844202703119e-8 7.87945292287515e-6 0.06186742498604759 2.1331561313662e-11 4.4026602512368754e-10 0. 0. 0.
0.0235 3.0457819812393545 6.368911931202147e-11 0.752267050747166 0.000016909047954173273 5.460582943882089e-8 7.784485162622429e-6 0.06191890261183603 2.077266345842992e-11 4.6134166097445695e-10 0. 0. 0.
0.024 3.0457819812393545 6.040832476895824e-11 0.7520676123884299 0.00001632120311292056 5.2649238917519185e-8 7.693205573521277e-6 0.06196912601566336 2.0229697820588126e-11 4.825931935479567e-10 0. 0. 0.
0.0245 3.0457819812393545 5.733682771699245e-11 0.7518728822819344 0.000015762723310959487 5.0791076201766536e-8 7.605392525601855e-6 0.062018154999837434 1.9701749472828803e-11 5.039987154737519e-10 0. 0. 0.
0.025 3.0457819812393545 5.4457788504064673e-11 0.7516826429963674 0.000015231565270453233 4.9024488160977863e-8 7.520844438987342e-6 0.06206604510019278 1.9188038661933632e-11 5.255368122144948e-10 0. 0. 0.
0.025500000000000002 3.0457819812393545 5.1756018433124725e-11 0.7514966959982692 0.000014725873765525943 4.734325182905841e-8 7.439376190716308e-6 0.06211284702125738 1.868788947502553e-11 5.47186857309575e-10 0. 0. 0.
0.026000000000000002 3.0457819812393545 4.9217771763493985e-11 0.7513148462129312 0.000014243947340056775 4.5741655938815696e-8 7.360814733623109e-6 0.06215861051654178 1.8200696231539473e-11 5.689296098428922e-10 0. 0. 0.
0.026500000000000003 3.0457819812393545 4.683062210419262e-11 0.7511369217100301 0.000013784231842383445 4.4214483771832396e-8 7.2849995130919056e-6 0.06220337947006694 1.7725925230819583e-11 5.907468745045108e-10 0. 0. 0.
0.027 3.0457819812393545 4.458331980515525e-11 0.7509627549710964 0.000013345307425934964 4.2756964769992315e-8 7.211782896444074e-6 0.0622471965857137 1.7263106893030093e-11 6.126212321679295e-10 0. 0. 0.
0.0275 3.0457819812393545 4.2465712520434973e-11 0.7507921892614848 0.000012925876052066406 4.136474106243407e-8 7.141027731415819e-6 0.06229010180232052 1.681182955802455e-11 6.345362033198881e-10 0. 0. 0.
0.028 3.0457819812393545 4.046844184732727e-11 0.7506250813983034 0.000012524735029329974 4.003377105410625e-8 7.072605106698574e-6 0.062332131616708544 1.6371706868854993e-11 6.564766233051985e-10 0. 0. 0.
0.0285 3.0457819812393545 3.8583016044572964e-11 0.7504612951519133 0.0000121407779136791 3.8760335966962114e-8 7.0063945449617535e-6 0.06237332073267913 1.5942391006977885e-11 6.784283372488108e-10 0. 0. 0.
0.029 3.0457819812393545 3.680178688790019e-11 0.7503006963760259 0.000011773002472759857 3.75410679017017e-8 6.942288615668829e-6 0.06241370327104482 1.5523590503455763e-11 7.003770984268539e-10 0. 0. 0.
0.0295 3.0457819812393545 3.511757354701178e-11 0.7501431693173014 0.000011420455933399563 3.637276386229941e-8 6.880179520792696e-6 0.06245330872980869 1.5114997697890527e-11 7.223111331707286e-10 0. 0. 0.
0.03 3.0457819812393545 3.352399645395508e-11 0.7499885922198725 0.000011082284556383485 3.525255535233011e-8 6.819974280425287e-6 0.06249216804671087 1.471636803425903e-11 7.442179130383631e-10 0. 0. 0.
0.0305 3.0457819812393545 3.201500692724346e-11 0.7498368629174462 0.000010757671257944585 3.417769492040602e-8 6.761577821938244e-6 0.0625303072452481 1.4327434789758371e-11 7.660873856731523e-10 0. 0. 0.
0.031 3.0457819812393545 3.058516705007153e-11 0.7496878757235808 0.000010445877530969196 3.3145700285286316e-8 6.7049068674279985e-6 0.0625677531806334 1.3947976869971217e-11 7.8790910093363e-10 0. 0. 0.
0.0315 3.0457819812393545 2.9229447909038926e-11 0.7495415324960071 0.000010146214291274142 3.215425613157924e-8 6.649883090172194e-6 0.0626045307934744 1.3577778829983016e-11 8.096735017020112e-10 0. 0. 0.
0.032 3.0457819812393545 2.79431623430714e-11 0.7493977416256049 9.858032122395819e-6 3.120117739287717e-8 6.596429250263211e-6 0.06264066337034013 1.3216624565968187e-11 8.313724074212331e-10 0. 0. 0.
0.0325 3.0457819812393545 2.672207913497624e-11 0.7492564180865885 9.580737776694158e-6 3.028447133544507e-8 6.544477391913218e-6 0.06267617251677768 1.2864322683219706e-11 8.529974943089377e-10 0. 0. 0.
0.033 3.0457819812393545 2.5562162891396383e-11 0.7491174770928346 9.313766990652785e-6 2.9402240920093494e-8 6.493959445255294e-6 0.06271107976394004 1.2520672465356388e-11 8.74541884483048e-10 0. 0. 0.
0.0335 3.0457819812393545 2.4459758177116938e-11 0.7489808366847903 9.056598742439517e-6 2.8552736976426424e-8 6.444812459641766e-6 0.06274540591076307 1.2185489297340987e-11 8.959990234160425e-10 0. 0. 0.
0.034 3.0457819812393545 2.3411483689585786e-11 0.7488464247659122 8.80875044368942e-6 2.7734334981460718e-8 6.396980210929703e-6 0.06277916926608075 1.1858601221693694e-11 9.17362516025501e-10 0. 0. 0.
0.0345 3.0457819812393545 2.2414149900321574e-11 0.7487141706441188 8.569761897883917e-6 2.6945491986762263e-8 6.350405139171271e-6 0.06281238777733955 1.1539824885401747e-11 9.38627236793089e-10 0. 0. 0.
0.035 3.0457819812393545 2.1464829103376702e-11 0.7485840049822328 8.339210689771313e-6 2.618478847579937e-8 6.305036315524369e-6 0.06284507902932156 1.122899777288102e-11 9.597879972534153e-10 0. 0. 0.
0.035500000000000004 3.0457819812393545 2.056080207888764e-11 0.7484558631039928 8.11669350338808e-6 2.5450868647641456e-8 6.2608236514871166e-6 0.062877259431335 1.092594599723182e-11 9.808405094176488e-10 0. 0. 0.
0.036000000000000004 3.0457819812393545 1.969949327805549e-11 0.7483296834476065 7.901835421185454e-6 2.4742475307319475e-8 6.217720297867854e-6 0.06290894459738239 1.0630506073939425e-11 1.0017807996733274e-9 0. 0. 0.
0.036500000000000005 3.0457819812393545 1.8878537606850567e-11 0.7482054070178779 7.69428296450445e-6 2.4058420140046655e-8 6.17568219690095e-6 0.0629401494869341 1.0342515059322398e-11 1.0226053264089078e-9 0. 0. 0.
0.037000000000000005 3.0457819812393545 1.8095746010884305e-11 0.7480829755898457 7.493706684986423e-6 2.3397598638733434e-8 6.134667689372883e-6 0.0629708888530416 1.0061818626667074e-11 1.043310893452447e-9 0. 0. 0.
0.037500000000000006 3.0457819812393545 1.734900929408473e-11 0.7479623371975797 7.299791485653999e-6 2.2758954061440353e-8 6.094636222181162e-6 0.06300117587594486 9.788253732253114e-12 1.0638948932305787e-9 0. 0. 0.
0.038000000000000006 3.0457819812393545 1.663642051026036e-11 0.7478434392079887 7.112248647842291e-6 2.2141517376116555e-8 6.055552123808855e-6 0.06303102388576341 9.521677084841957e-12 1.0843546535430277e-9 0. 0. 0.
0.0385 3.0457819812393545 1.5956166296979498e-11 0.7477262311464898 6.930796305564979e-6 2.154434335033829e-8 6.017377986568546e-6 0.06306044567084229 9.261927132803115e-12 1.1046883676078503e-9 0. 0. 0.
0.039 3.0457819812393545 1.530653442494557e-11 0.7476106674667039 6.755173378513443e-6 2.0966557707866075e-8 5.980079807611306e-6 0.06308945277448237 9.008854726725392e-12 1.1248942932698364e-9 0. 0. 0.
0.0395 3.0457819812393545 1.4685957097982218e-11 0.7474967027452073 6.5851346821194334e-6 2.040733823058828e-8 5.943625885435025e-6 0.06311805669952468 8.762315628609527e-12 1.1449708506791745e-9 0. 0. 0.
0.04 3.0457819812393545 1.409291871531858e-11 0.7473842903408395 6.420445817054953e-6 1.986589925647458e-8 5.907985746668629e-6 0.0631462692469033 8.522161879391284e-12 1.1649169099473938e-9 0. 0. 0.