1.e7	0.9999968661634022
1.0096402755134482e7	0.9999968525284777
1.0193734859388737e7	0.9999968387664703
1.0292005271944286e7	0.9999968248756926
1.039122303835169e7	0.999996810854721
1.049139729136309e7	0.9999967967021075
1.0592537251772897e7	0.9999967824160586
1.0694652229266452e7	0.9999967679950921
1.0797751623277094e7	0.9999967534383191
1.0901844923851268e7	0.9999967387433975
1.1006941712522103e7	0.999996723908786
1.1113051663191281e7	0.9999967089327346
1.122018454301963e7	0.9999966938134254
1.1328350213326072e7	0.9999966785492332
1.1437558630495388e7	0.9999966631377649
1.154781984689458e7	0.9999966475772487
1.1659144011798311e7	0.9999966318655011
1.177154137232304e7	0.9999966160009047
1.188502227437019e7	0.9999965999801264
1.1999597163578587e7	0.9999965838029443
1.2115276586285876e7	0.999996567464713
1.2232071190499326e7	0.999996550964383
1.234999172687585e7	0.9999965342994828
1.2469049049711742e7	0.9999965174672689
1.2589254117941663e7	0.9999965004651865
1.2710617996147458e7	0.9999964832903787
1.2833151855576513e7	0.9999964659400916
1.295686697517019e7	0.9999964484115355
1.308177474260193e7	0.9999964307017296
1.3207886655325506e7	0.9999964128076351
1.333521432163324e7	0.9999963947262244
1.3463769461724665e7	0.9999963764542865
1.3593563908785269e7	0.9999963579885306
1.3724609610075625e7	0.9999963393253422
1.3856918628031274e7	0.9999963204617638
1.3990503141372928e7	0.9999963013927584
1.4125375446227554e7	0.9999962821181081
1.4261547957260085e7	0.9999962626310701
1.4399033208816327e7	0.9999962429289354
1.4537843856076606e7	0.9999962230072277
1.4677992676220706e7	0.9999962028627896
1.4819492569603847e7	0.9999961824909649
1.4962356560944328e7	0.9999961618878228
1.510659780052228e7	0.999996141049279
1.5252229565390198e7	0.9999961199712291
1.539926526059492e7	0.9999960986485416
1.5547718420411726e7	0.9999960770772299
1.5697602709590042e7	0.9999960552526871
1.5848931924611142e7	0.9999960331704
1.6001719994958278e7	0.9999960108257958
1.6155980984398728e7	0.9999959882137911
1.6311729092278397e7	0.9999959653299372
1.6468978654828688e7	0.9999959421692529
1.6627744146486335e7	0.9999959187272022
1.678804018122559e7	0.9999958949977565
1.6949881513903476e7	0.9999958709767792
1.711328304161781e7	0.9999958466592217
1.7278259805078626e7	0.999995822039856
1.744482698999252e7	0.9999957971134815
1.7612999928460523e7	0.9999957718749592
1.7782794100389227e7	0.9999957463190835
1.7954225134915903e7	0.9999957204411283
1.8127308811846968e7	0.999995694235092
1.8302061063110568e7	0.9999956676960857
1.8478497974222906e7	0.9999956408189136
1.865663578576911e7	0.9999956135985557
1.883649089489802e7	0.9999955860293854
1.9018079856831398e7	0.999995558106456
1.920141938638801e7	0.9999955298245711
1.9386526359522056e7	0.9999955011788301
1.9573417814876616e7	0.9999954721637083
1.9762110955351863e7	0.9999954427729117
1.9952623149688788e7	0.9999954130060005
2.0144971934067793e7	0.9999953828534076
2.033917501372293e7	0.9999953523117935
2.053525026457146e7	0.9999953213763706
2.073321573485954e7	0.9999952900424679
2.0933089646823347e7	0.9999952583056163
2.1134890398366477e7	0.9999952261611166
2.133863656475326e7	0.9999951936049806
2.1544346900318824e7	0.9999951606343739
2.1752040340195246e7	0.9999951272389931
2.1961736002054367e7	0.9999950934213931
2.2173453187867787e7	0.9999950591754564
2.2387211385683376e7	0.9999950244965995
2.2603030271419216e7	0.9999949893827976
2.282092971067451e7	0.9999949538298777
2.3040929760558445e7	0.999994917834494
2.3263050671536237e7	0.999994881393582
2.34873128892932e7	0.9999948445044015
2.3713737056616552e7	0.9999948071641412
2.3942344015295804e7	0.9999947693702146
2.4173154808041014e7	0.999994731120464
2.4406190680419814e7	0.9999946924126892
2.4641473082812812e7	0.999994653245096
2.4879023672388345e7	0.9999946136158929
2.5118864315095823e7	0.9999945735239295
2.536101708767827e7	0.999994532967551
2.5605504279704753e7	0.9999944919463234
2.5852348395621885e7	0.9999944504590651
2.6101572156825386e7	0.9999944085055811
2.635319850375133e7	0.9999943693114867
2.6607250597988084e7	0.9999943265127978
2.686375182440805e7	0.9999942832502747
2.71227257933203e7	0.9999942395244776
2.738419634264361e7	0.9999941953361068
2.764818754010106e7	0.9999941506866639
2.791472368543512e7	0.9999941055761431
2.818382931264455e7	0.9999940600084949
2.845552919224244e7	0.9999940140054582
2.872984833353663e7	0.9999939675278883
2.900681198693156e7	0.9999939205986509
2.928644564625237e7	0.9999938731983751
2.9568775051091872e7	0.9999938253620901
2.9853826189179573e7	0.9999937770941407
3.0141625298773922e7	0.9999937283957944
3.043219887107722e7	0.9999936792534849
3.0725573652674455e7	0.9999936296770853
3.102177664799498e7	0.9999935796780647
3.132083512179837e7	0.9999935292547715
3.162277660168379e7	0.9999934784134545
3.192762888062425e7	0.9999934271591188
3.2235420019524593e7	0.999993375497027
3.2546178349804603e7	0.9999933234315556
3.285993247600654e7	0.9999932709701084
3.3176711278428547e7	0.9999932181173131
3.3496543915782794e7	0.9999931648793718
3.381945982787926e7	0.9999931112718505
3.4145488738336004e7	0.9999930572819379
3.447466065731491e7	0.9999930029266723
3.480700588428413e7	0.9999929482130264
3.514255501080684e7	0.9999928931451435
3.548133892335753e7	0.9999928374234641
3.582338880616481e7	0.999992781981677
3.616873614408161e7	0.9999927258943432
3.651741272548377e7	0.9999926694861304
3.686945064519574e7	0.9999926127599374
3.72248823074449e7	0.9999925557238223
3.758374042884443e7	0.99999249838382
3.794605804140442e7	0.999992440749213
3.831186849557285e7	0.9999923828267993
3.868120546330525e7	0.9999923246225785
3.905410294116381e7	0.9999922661462202
3.94305952534472e7	0.9999922074043487
3.981071705534969e7	0.9999921483987136
4.019450333615128e7	0.9999920891464921
4.058198942243799e7	0.9999920297437108
4.097321098135413e7	0.9999919699161437
4.1368204023885116e7	0.999991909951505
4.176700490817191e7	0.9999918497638784
4.2169650342858225e7	0.9999917893494518
4.2576177390469156e7	0.9999917287457029
4.298662347082272e7	0.9999916679270296
4.34010263644744e7	0.999991606910749
4.381942421619436e7	0.9999915457285689
4.424185553847914e7	0.99999148430654
4.466835921509635e7	0.9999914227303074
4.509897450466355e7	0.9999913609781265
4.553374104426248e7	0.9999912990468948
4.597269885308718e7	0.9999912369648178
4.641588833612782e7	0.9999911747127279
4.686335028788954e7	0.9999911123021095
4.7315125896148026e7	0.9999910497363533
4.777125674574048e7	0.9999909870431708
4.823178482239309e7	0.9999909241794712
4.869675251658631e7	0.9999908611699807
4.9166202627456404e7	0.999990798016101
4.964017836673511e7	0.9999907346309458
5.011872336272725e7	0.9999906712847313
5.0601881664326236e7	0.9999906077068579
5.108969774506924e7	0.9999905439869549
5.158221650723061e7	0.9999904801290191
5.207948328595465e7	0.9999904161306481
5.258154385342927e7	0.9999903519904999
5.3088444423098795e7	0.9999902877077793
5.360023165391796e7	0.9999902232820341
5.4116952654646374e7	0.9999901586937276
5.46386549881854e7	0.9999900939818536
5.516538667595586e7	0.9999900291032673
5.569719620231798e7	0.9999899640646407
5.623413251903491e7	0.9999898988665705
5.677624504977816e7	0.9999898335025057
5.732358369467708e7	0.9999897679828
5.787619883491209e7	0.9999897022691884
5.8434141337351754e7	0.9999896363720835
5.8997462559235595e7	0.9999895702848671
5.956621435290109e7	0.9999895040004099
6.014044907055618e7	0.9999894375111533
6.072021956909884e7	0.9999893707944841
6.130557921498202e7	0.9999893038702375
6.18965818891261e7	0.9999892367176921
6.249328199187798e7	0.9999891693256654
6.3095734448019296e7	0.9999891016873466
6.37039947118217e7	0.9999890337888249
6.431811877215091e7	0.9999889656203125
6.493816315762113e7	0.9999888971783215
6.556418494179785e7	0.9999888284354386
6.619624174845146e7	0.9999887593977655
6.6834391756861486e7	0.9999886900480819
6.747869370717137e7	0.9999886203752448
6.812920690579608e7	0.9999885503711943
6.878599123088081e7	0.9999884800098333
6.944910713781214e7	0.9999884092783521
7.011861566478363e7	0.9999883381868998
7.079457843841374e7	0.999988266713804
7.147705767941861e7	0.9999881948369059
7.216611620833883e7	0.999988122559238
7.286181745132273e7	0.9999880498609333
7.356422544596422e7	0.9999879767006647
7.427340484719673e7	0.9999879031501472
7.498942093324558e7	0.9999878291265025
7.571233961163601e7	0.9999877546359635
7.644222742525995e7	0.9999876796738654
7.717915155850127e7	0.9999876042104298
7.79231798434194e7	0.9999875282511076
7.867438076599394e7	0.9999874517747621
7.943282347242822e7	0.9999873747808331
8.019857777551351e7	0.9999872972509382
8.097171416105618e7	0.999987219190097
8.175230379436493e7	0.9999871405838726
8.25404185268019e7	0.9999870614232593
8.333613090239559e7	0.9999869817021507
8.413951416451947e7	0.9999869014151119
8.49506422626333e7	0.9999868205555684
8.576958985908946e7	0.9999867391260783
8.659643233600654e7	0.999986657102908
8.743124580220732e7	0.9999865745044945
8.82741071002246e7	0.9999864913220923
8.91250938133746e7	0.9999864075573431
8.998428427289744e7	0.9999863232065517
9.085175756516862e7	0.999986238272692
9.172759353897804e7	0.9999861527612469
9.261187281287937e7	0.9999860666699252
9.350467678261195e7	0.9999859800098065
9.440608762859227e7	0.9999858928028892
9.531618832347882e7	0.9999858050342116
9.623506263980888e7	0.999985716724976
9.716279515771058e7	0.9999856278830372
9.809947127268784e7	0.9999855385248368
9.904517720348015e7	0.9999854486659026
1.e8	0.9999853583240875
1.0096402755134483e8	0.9999852675193573
1.0193734859388717e8	0.9999851762689633
1.0292005271944265e8	0.9999850846003802
1.0391223038351668e8	0.9999849925346771
1.0491397291363113e8	0.9999849000997838
1.0592537251772897e8	0.9999848073279717
1.0694652229266451e8	0.9999847142683213
1.0797751623277093e8	0.9999846219243634
1.0901844923851268e8	0.999984527350701
1.100694171252208e8	0.9999844335800407
1.1113051663191305e8	0.9999843396578864
1.1220184543019652e8	0.9999842456342133
1.1328350213326095e8	0.9999841515556674
1.1437558630495389e8	0.9999840571006647
1.1547819846894582e8	0.9999839634347698
1.165914401179831e8	0.9999838695109634
1.1771541372323017e8	0.9999837758071706
1.1885022274370165e8	0.9999836822241442
1.1999597163578562e8	0.9999835889820595
1.2115276586285901e8	0.9999834961229467
1.2232071190499325e8	0.9999834037718713
1.2349991726875852e8	0.9999833118679866
1.2469049049711742e8	0.999983220583171
1.2589254117941661e8	0.9999831300023324
1.2710617996147431e8	0.999983040202671
1.2833151855576539e8	0.9999829512983737
1.2956866975170216e8	0.9999828633613803
1.3081774742601955e8	0.9999827765116798
1.3207886655325507e8	0.9999826908547763
1.333521432163324e8	0.9999826065052917
1.3463769461724666e8	0.9999825235934052
1.3593563908785242e8	0.999982442225163
1.3724609610075596e8	0.9999823625509356
1.3856918628031245e8	0.9999822846668472
1.3990503141372958e8	0.9999822087602102
1.4125375446227553e8	0.9999821349647439
1.4261547957260084e8	0.9999820634287656
1.4399033208816326e8	0.9999819942628784
1.4537843856076607e8	0.9999819278033395
1.4677992676220676e8	0.999981864044192
1.4819492569603878e8	0.9999818032285387
1.4962356560944358e8	0.9999817455488861
1.5106597800522313e8	0.9999816912110886
1.5252229565390196e8	0.9999816404052566
1.539926526059492e8	0.9999815932983145
1.5547718420411727e8	0.9999815502338115
1.569760270959001e8	0.9999815113375355
1.584893192461111e8	0.9999814768829857
1.6001719994958246e8	0.9999814471165833
1.615598098439876e8	0.9999814223029485
1.6311729092278397e8	0.9999814027060301
1.6468978654828689e8	0.9999813886084131
1.6627744146486336e8	0.9999813803029671
1.678804018122559e8	0.9999813781200165
1.6949881513903442e8	0.9999813821493261
1.7113283041617846e8	0.9999813931099352
1.727825980507866e8	0.9999814111263489
1.744482698999256e8	0.9999814365712812
1.7612999928460523e8	0.9999814698174162
1.7782794100389227e8	0.9999815115886814
1.7954225134915903e8	0.9999815612543477
1.812730881184697e8	0.9999816203379652
1.830206106311053e8	0.9999816887137719
1.847849797422287e8	0.9999817670175116
1.865663578576915e8	0.9999818556842474
1.883649089489802e8	0.9999819551754534
1.9018079856831396e8	0.9999820660164408
1.920141938638801e8	0.9999821886699648
1.9386526359522057e8	0.9999823237385783
1.9573417814876577e8	0.9999824718528297
1.9762110955351904e8	0.9999826334413081
1.9952623149688828e8	0.9999828091874362
2.0144971934067833e8	0.9999829997231934
2.033917501372293e8	0.9999832057277452
2.053525026457146e8	0.9999834278778383
2.073321573485954e8	0.9999836668885642
2.0933089646823347e8	0.9999839235073537
2.1134890398366433e8	0.9999841984903922
2.1338636564753217e8	0.9999844926160351
2.1544346900318867e8	0.9999848068220885
2.1752040340195245e8	0.9999851418755694
2.1961736002054366e8	0.9999854987149274
2.2173453187867785e8	0.9999858782672382
2.238721138568338e8	0.9999862815147216
2.260303027141917e8	0.9999867094590495
2.2820929710674554e8	0.9999871631740013
2.3040929760558495e8	0.9999876437540347
2.3263050671536288e8	0.9999881523246821
2.3487312889293203e8	0.9999886900805901
2.3713737056616554e8	0.999989258305789
2.3942344015295804e8	0.9999898583693111
2.4173154808041012e8	0.9999904912614633
2.4406190680419764e8	0.9999911585580089
2.4641473082812762e8	0.9999918616258343
2.48790236723884e8	0.9999926022246356
2.511886431509582e8	0.9999933816274856
2.536101708767827e8	0.9999942011208708
2.5605504279704756e8	0.9999950632363009
2.5852348395621887e8	0.9999959692661347
2.610157215682533e8	0.9999969210586589
2.6353198503751385e8	0.9999979205235398
2.660725059798814e8	0.9999989695849661
2.686375182440811e8	1.000000070298748
2.71227257933203e8	1.0000012247915937
2.738419634264361e8	1.0000024352573307
2.764818754010106e8	1.0000037040068155
2.7914723685435116e8	1.0000050338725035
2.8183829312644494e8	1.000006423579458
2.8455529192242384e8	1.0000078842641646
2.8729848333536685e8	1.0000094109127775
2.900681198693156e8	1.000011008663481
2.9286445646252376e8	1.0000126805230956
2.9568775051091874e8	1.000014428895139
2.985382618917957e8	1.0000162586660561
3.014162529877386e8	1.0000181712751945
3.043219887107729e8	1.0000201706974499
3.072557365267452e8	1.0000222605039184
3.102177664799504e8	1.0000244443187416
3.132083512179837e8	1.0000267259272768
3.1622776601683795e8	1.0000291092910172
3.1927628880624247e8	1.0000315985078487
3.223542001952459e8	1.000034197783554
3.254617834980453e8	1.0000369116362033
3.285993247600647e8	1.000039744673445
3.3176711278428614e8	1.0000427016690356
3.349654391578279e8	1.000045787631556
3.3819459827879256e8	1.0000490076983568
3.414548873833601e8	1.000052367283087
3.447466065731491e8	1.0000558716888952
3.480700588428406e8	1.000059527722559
3.514255501080691e8	1.0000633403832402
3.5481338923357606e8	1.000067316419126
3.582338880616481e8	1.0000714623494533
3.616873614408161e8	1.0000757849661146
3.651741272548377e8	1.0000802914300446
3.6869450645195735e8	1.0000849890716887
3.72248823074449e8	1.000089878029115
3.7583740428844357e8	1.0000949814801898
3.7946058041404337e8	1.0001003077062116
3.831186849557293e8	1.000105850168658
3.8681205463305247e8	1.0001116254921867
3.905410294116381e8	1.0001176429107212
3.94305952534472e8	1.0001239155729973
3.981071705534969e8	1.0001304467500607
4.0194503336151195e8	1.0001372516806084
4.0581989422438073e8	1.0001443376887664
4.097321098135422e8	1.0001517216413878
4.1368204023885113e8	1.0001594129768059
4.1767004908171904e8	1.0001674241825635
4.2169650342858225e8	1.000175768347599
4.257617739046915e8	1.0001844590579336
4.298662347082272e8	1.000193510502562
4.3401026364474314e8	1.000202937552265
4.381942421619427e8	1.0002127563114607
4.424185553847923e8	1.000222980714923
4.466835921509635e8	1.000233629963064
4.509897450466355e8	1.000244720877051
4.5533741044262487e8	1.0002562717698544
4.597269885308718e8	1.0002683018009084
4.641588833612773e8	1.0002808315303051
4.6863350287889636e8	1.000293881778043
4.731512589614813e8	1.0003074740513827
4.777125674574048e8	1.0003216321887545
4.823178482239309e8	1.0003363803019245
4.869675251658631e8	1.0003517413099108
4.916620262745641e8	1.0003677491601302
4.9640178366735107e8	1.0003844236319441
5.011872336272715e8	1.0004017961457934
5.060188166432613e8	1.0004198987805462
5.108969774506935e8	1.0004387630459592
5.158221650723061e8	1.0004584227681093
5.207948328595465e8	1.0004789133250476
5.2581543853429276e8	1.0005002724106506
5.308844442309879e8	1.0005225388474457
5.360023165391785e8	1.0005457544809921
5.411695265464648e8	1.0005699627682338
5.463865498818551e8	1.0005952093995074
5.516538667595586e8	1.0006215437756028
5.569719620231798e8	1.0006490160116372
5.623413251903491e8	1.0006776773256396
5.677624504977816e8	1.0007075874786115
5.732358369467708e8	1.0007388041046874
5.787619883491197e8	1.0007713930309106
5.843414133735163e8	1.0008054189779496
5.899746255923572e8	1.000840952381922
5.956621435290109e8	1.0008780679328073
6.014044907055618e8	1.0009168537894124
6.072021956909884e8	1.0009573635062072
6.130557921498202e8	1.000999714556185
6.189658188912597e8	1.001043976852097
6.249328199187812e8	1.0010902874258778
6.309573444801943e8	1.0011387117206603
6.37039947118217e8	1.001189372801059
6.431811877215091e8	1.0012423895583809
6.493816315762113e8	1.0012978773005379
6.556418494179785e8	1.0013559758830868
6.619624174845146e8	1.0014168204041392
6.683439175686135e8	1.0014805576153185
6.747869370717123e8	1.0015473428001196
6.812920690579622e8	1.0016173403968758
6.878599123088082e8	1.0016907366809444
6.944910713781214e8	1.001767684470487
7.011861566478363e8	1.0018484107850705
7.079457843841373e8	1.0019331134785225
7.147705767941846e8	1.0020220122146375
7.216611620833898e8	1.0021153474222424
7.286181745132289e8	1.002213353941315
7.356422544596422e8	1.0023162980113054
7.427340484719672e8	1.0024244622234761
7.498942093324559e8	1.0025381364071464
7.571233961163601e8	1.0026576340071174
7.644222742525994e8	1.0027832690070924
7.717915155850111e8	1.0029154413945616
7.792317984341924e8	1.0030544707350784
7.86743807659941e8	1.0032007705571204
7.943282347242821e8	1.0033547532816127
8.019857777551352e8	1.0035168616458388
8.097171416105617e8	1.0036875602203874
8.175230379436493e8	1.003867344668336
8.254041852680173e8	1.0040567413867951
8.333613090239576e8	1.0042562977093583
8.413951416451964e8	1.004466600364131
8.49506422626333e8	1.0046882704824147
8.576958985908946e8	1.0049219736756863
8.659643233600653e8	1.0051683629954
8.743124580220731e8	1.0054282201563778
8.82741071002246e8	1.00570230254705
8.912509381337441e8	1.0059914252933073
8.998428427289726e8	1.006296454810807
9.08517575651688e8	1.0066183084953186
9.172759353897803e8	1.0069579546732048
9.261187281287937e8	1.0073164085831663
9.350467678261195e8	1.007694752695802
9.440608762859226e8	1.00809411892068
9.531618832347863e8	1.0085157100337458
9.623506263980907e8	1.0089607937461635
9.716279515771078e8	1.0094307046763804
9.809947127268784e8	1.0099268538225934
9.904517720348015e8	1.01045074319148
1.e9	1.0110038898282088
1.0096402755134482e9	1.0115880067121539
1.0193734859388716e9	1.0122047837563268
1.0292005271944265e9	1.0128560897344847
1.0391223038351669e9	1.0135438276086073
1.0491397291363113e9	1.0142700793018977
1.0592537251772897e9	1.0150369400698394
1.0694652229266452e9	1.0158466768521983
1.0797751623277094e9	1.016701664380613
1.0901844923851268e9	1.01760440708286
1.100694171252208e9	1.0185575038929577
1.1113051663191304e9	1.0195637367295853
1.1220184543019652e9	1.0206260119698876
1.1328350213326094e9	1.02174736751351
1.1437558630495389e9	1.0229310145140917
1.1547819846894581e9	1.0241803199293205
1.165914401179831e9	1.025498831662503
1.1771541372323017e9	1.0268902559674384
1.1885022274370165e9	1.0283585041696495
1.1999597163578563e9	1.029907672534964
1.21152765862859e9	1.031542061302049
1.2232071190499325e9	1.0332661843341187
1.234999172687585e9	1.035084777258602
1.246904904971174e9	1.0370028029367444
1.258925411794166e9	1.0390254755123178
1.2710617996147432e9	1.041158258286977
1.283315185557654e9	1.0434068697117398
1.2956866975170217e9	1.0457773173625398
1.3081774742601955e9	1.0482758857482906
1.3207886655325506e9	1.0509091692067394
1.333521432163324e9	1.053684053928781
1.3463769461724665e9	1.0566077899714383
1.359356390878524e9	1.0596879312588559
1.3724609610075598e9	1.0629324045923716
1.3856918628031244e9	1.0663495042325086
1.3990503141372957e9	1.0699478949312746
1.4125375446227555e9	1.0737366961298402
1.4261547957260084e9	1.0777253486076857
1.4399033208816326e9	1.0819238919651084
1.4537843856076605e9	1.08634254476881
1.4677992676220675e9	1.0909924087633953
1.481949256960388e9	1.0958844963519236
1.496235656094436e9	1.1010313309429447
1.510659780052231e9	1.1064446300258817
1.5252229565390198e9	1.112137717271936
1.5399265260594919e9	1.1181240549455056
1.5547718420411727e9	1.124417797926339
1.569760270959001e9	1.1310338113352223
1.5848931924611108e9	1.1379870096692897
1.6001719994958246e9	1.1452951125623494
1.615598098439876e9	1.1529733759329015
1.6311729092278397e9	1.1610399384685668
1.646897865482869e9	1.169513127543342
1.6627744146486335e9	1.1784119133754483
1.6788040181225588e9	1.1877569267868155
1.6949881513903444e9	1.19756850519123
1.7113283041617844e9	1.2078685939060034
1.7278259805078661e9	1.2186798248893635
1.744482698999256e9	1.2300256382798278
1.7612999928460524e9	1.2419324143139756
1.7782794100389228e9	1.254423332345836
1.7954225134915903e9	1.2675269669251858
1.812730881184697e9	1.2812711495803324
1.830206106311053e9	1.2956852103821284
1.847849797422287e9	1.3107992978723175
1.8656635785769148e9	1.326645465521046
1.8836490894898021e9	1.3432568106455165
1.9018079856831396e9	1.3606680811777316
1.920141938638801e9	1.378914986268265
1.9386526359522057e9	1.3980350955665992
1.9573417814876575e9	1.4180681446405736
1.9762110955351903e9	1.4390542240898796
1.9952623149688828e9	1.4610358781655086
2.0144971934067833e9	1.484058308987099
2.033917501372293e9	1.508166543878284
2.0535250264571462e9	1.5334090628730705
2.073321573485954e9	1.559836480540115
2.0933089646823347e9	1.5875003104964098
2.1134890398366432e9	1.616455309729295
2.1338636564753218e9	1.6467582034769863
2.1544346900318866e9	1.6784673236287135
2.1752040340195246e9	1.71164580762014
2.1961736002054367e9	1.746356095186674
2.2173453187867785e9	1.7826657036177083
2.238721138568338e9	1.8206440112495696
2.260303027141917e9	1.8603617775913615
2.2820929710674553e9	1.9018991446049744
2.3040929760558496e9	1.945330018571272
2.326305067153629e9	1.990737937527294
2.3487312889293203e9	2.0382081371757605
2.3713737056616554e9	2.0878292515786527
2.39423440152958e9	2.1396940670253515
2.4173154808041015e9	2.1938978547197547
2.4406190680419765e9	2.2505433907383363
2.464147308281276e9	2.3097326214743674
2.4879023672388396e9	2.371576052089828
2.511886431509582e9	2.4361858301433075
2.536101708767827e9	2.5036815266927146
2.5605504279704757e9	2.5741849157396293
2.5852348395621886e9	2.6478246281456617
2.6101572156825333e9	2.724734197220018
2.6353198503751383e9	2.805052918632061
2.660725059798814e9	2.8889248146553896
2.6863751824408107e9	2.9765016984271946
2.71227257933203e9	3.0679398299561425
2.7384196342643614e9	3.163404036434587
2.7648187540101056e9	3.2630636722889306
2.791472368543512e9	3.3670971704508688
2.818382931264449e9	3.4756885490621863
2.8455529192242384e9	3.5890326739806033
2.8729848333536687e9	3.7073276441252823
2.9006811986931562e9	3.8307857682680084
2.9286445646252375e9	3.959621981595251
2.956877505109187e9	4.094066806582895
2.9853826189179573e9	4.234353113386465
3.014162529877386e9	4.380729949431034
3.0432198871077285e9	4.533453757778923
3.072557365267452e9	4.692791471968925
3.1021776647995043e9	4.8590235796586505
3.132083512179837e9	5.032438431854261
3.1622776601683793e9	5.213341228523472
3.1927628880624247e9	5.402046429086488
3.2235420019524593e9	5.598882938062201
3.2546178349804535e9	5.8041937823753225
3.2859932476006474e9	6.018335174963585
3.3176711278428617e9	6.2416814240075436
3.3496543915782795e9	6.474618175840808
3.3819459827879257e9	6.717551562088183
3.4145488738336005e9	6.970902591412775
3.447466065731491e9	7.2351088830511125
3.480700588428406e9	7.510632716759405
3.5142555010806913e9	7.797947010442158
3.5481338923357606e9	8.097550751544773
3.5823388806164804e9	8.409964113739289
3.616873614408161e9	8.735725794918656
3.651741272548377e9	9.07540103131208
3.686945064519573e9	9.429576887611233
3.72248823074449e9	9.79886458418299
3.7583740428844357e9	10.183907801036558
3.794605804140434e9	10.585368291595186
3.831186849557293e9	11.003940465273763
3.868120546330525e9	11.440352729802179
3.905410294116381e9	11.895356247021077
3.94305952534472e9	12.36973810194315
3.9810717055349693e9	12.864325700171534
4.0194503336151195e9	13.379969556129081
4.0581989422438073e9	13.917563861622387
4.0973210981354218e9	14.478043170609032
4.136820402388511e9	15.062375790609037
4.17670049081719e9	15.67157290186246
4.2169650342858224e9	16.30670122187565
4.2576177390469155e9	16.9688538019778
4.298662347082273e9	17.659182744301873
4.340102636447432e9	18.378889710171855
4.381942421619428e9	19.12922446962444
4.424185553847923e9	19.911490644085703
4.466835921509635e9	20.727053177518723
4.509897450466355e9	21.577339531087528
4.553374104426249e9	22.463812928479935
4.597269885308718e9	23.38803425602211
4.641588833612773e9	24.351618540172325
4.686335028788963e9	25.35624269721631
4.731512589614813e9	26.403665185654994
4.777125674574048e9	27.495720565226318
4.823178482239309e9	28.634321823724758
4.869675251658631e9	29.82146327250639
4.916620262745641e9	31.059227874979097
4.964017836673511e9	32.34979478694261
5.011872336272715e9	33.695425760691435
5.060188166432613e9	35.098488134392
5.108969774506935e9	36.56145481606274
5.158221650723061e9	38.08692150055614
5.207948328595465e9	39.67754317034654
5.258154385342927e9	41.33617182920579
5.308844442309879e9	43.065712954684365
5.360023165391785e9	44.86924037854393
5.411695265464648e9	46.74994576383218
5.463865498818551e9	48.71116675511253
5.516538667595586e9	50.756381780521785
5.569719620231798e9	52.88924467509747
5.623413251903491e9	55.11353540459617
5.677624504977817e9	57.43322264726696
5.732358369467708e9	59.85244483242975
5.787619883491197e9	62.375523963800674
5.843414133735163e9	65.0069769954537
5.899746255923572e9	67.7515092859048
5.95662143529011e9	70.61404090141338
6.014044907055617e9	73.59971075525169
6.0720219569098835e9	76.71388679529326
6.130557921498202e9	79.96216931529504
6.189658188912597e9	83.35040725713189
6.249328199187811e9	86.88471216581381
6.309573444801943e9	90.5714695430332
6.37039947118217e9	94.41734215265751
6.431811877215091e9	98.42929342893532
6.493816315762114e9	102.61458997425046
6.556418494179785e9	106.97238579773328
6.619624174845145e9	111.53595212057388
6.683439175686135e9	116.28823907762174
6.747869370717123e9	121.246348056741
6.812920690579622e9	126.41932192757629
6.878599123088081e9	131.81660790341806
6.944910713781214e9	137.44808015405977
7.011861566478363e9	143.3240463271516
7.079457843841373e9	149.45527983781366
7.147705767941846e9	155.8530602745111
7.216611620833899e9	162.52906462775545
7.286181745132289e9	169.4956734069109
7.356422544596421e9	176.76568651913908
7.427340484719672e9	184.3525218890404
7.498942093324558e9	192.27019729363096
7.571233961163601e9	200.53336283694512
7.644222742525994e9	209.1573298172689
7.717915155850112e9	218.1580798419908
7.792317984341925e9	227.5523480651578
7.86743807659941e9	237.35759034432076
7.943282347242822e9	247.5920719785424
8.019857777551352e9	258.2748776484399
8.097171416105618e9	269.42592852603735
8.175230379436493e9	281.06610176967774
8.254041852680173e9	293.217164765314
8.333613090239576e9	305.9018919908366
8.413951416451964e9	319.1440869745479
8.4950642262633295e9	332.96863065711796
8.576958985908946e9	347.4015295678856
8.659643233600653e9	362.469975150128
8.743124580220732e9	378.2023867270691
8.82741071002246e9	394.6284695308504
8.91250938133744e9	411.7792872677055
8.998428427289726e9	429.68730931601135
9.08517575651688e9	448.3864823633917
9.172759353897804e9	467.9122950796995
9.261187281287937e9	488.3017111501895
9.350467678261196e9	509.5939899936692
9.440608762859226e9	531.8292207154768
9.531618832347862e9	555.0499756734349
9.623506263980907e9	579.3006035406688
9.716279515771078e9	604.6276569954649
9.809947127268784e9	631.079084704425
9.904517720348015e9	658.7059421873566
1.e10	687.5616432152552
1.0096402755134481e10	717.7010789177684
1.0193734859388716e10	749.1824001329454
1.0292005271944265e10	782.0662509694852
1.039122303835167e10	816.416049069977
1.0491397291363113e10	852.298112177901
1.0592537251772898e10	889.7817975429856
1.069465222926645e10	928.9396794926432
1.0797751623277094e10	969.8476057424651
1.0901844923851267e10	1012.5849319720951
1.1006941712522081e10	1057.2346587245588
1.1113051663191305e10	1103.8835945613637
1.1220184543019653e10	1152.6225474024516
1.1328350213326096e10	1203.5466445243155
1.1437558630495388e10	1256.7549125643668
1.1547819846894583e10	1312.3515425968228
1.1659144011798311e10	1370.4451955264117
1.1771541372323017e10	1431.1496166226143
1.1885022274370165e10	1494.5836782952363
1.1999597163578562e10	1560.8719324673636
1.21152765862859e10	1630.1445968300766
1.2232071190499325e10	1702.5377766867969
1.234999172687585e10	1778.1940558457704
1.246904904971174e10	1857.2625414410404
1.2589254117941662e10	1939.8991256054132
1.2710617996147432e10	2026.2670525938563
1.2833151855576538e10	2116.53704759133
1.2956866975170216e10	2210.887749543182
1.3081774742601955e10	2309.506104953875
1.3207886655325506e10	2412.5876353003077
1.333521432163324e10	2520.336974343281
1.3463769461724665e10	2632.968289133894
1.3593563908785242e10	2750.705469269786
1.3724609610075598e10	2873.783254232255
1.3856918628031244e10	3002.4467616414645
1.3990503141372957e10	3136.9528179124113
1.4125375446227554e10	3277.569839093656
1.4261547957260084e10	3424.579462314345
1.4399033208816326e10	3578.2753793008624
1.4537843856076607e10	3738.965500919841
1.4677992676220675e10	3906.972231789022
1.4819492569603878e10	4082.634109195666
1.4962356560944359e10	4266.299713063111
1.5106597800522312e10	4458.3425274361725
1.5252229565390198e10	4659.147804091716
1.539926526059492e10	4869.120090264903
1.5547718420411726e10	5088.682700444283
1.569760270959001e10	5318.278733774805
1.5848931924611109e10	5558.371639509053
1.6001719994958244e10	5809.448521052886
1.6155980984398762e10	6072.015582522353
1.6311729092278397e10	6346.605415681836
1.646897865482869e10	6633.7746009211405
1.6627744146486336e10	6934.105876049239
1.678804018122559e10	7248.209054863128
1.6949881513903442e10	7576.723036104545
1.7113283041617846e10	7920.315812699617
1.7278259805078663e10	8279.687477496373
1.7444826989992558e10	8655.569194632466
1.7612999928460526e10	9048.72737699667
1.778279410038923e10	9459.97071048788
1.79542251349159e10	9890.129877621835
1.812730881184697e10	10340.088426471373
1.830206106311053e10	10810.767676798889
1.847849797422287e10	11303.130953768303
1.865663578576915e10	11818.187425568805
1.883649089489802e10	12356.993777041534
1.9018079856831398e10	12920.655956055061
1.9201419386388012e10	13510.331247573244
1.9386526359522057e10	14127.232432869654
1.9573417814876575e10	14772.628735655191
1.9762110955351902e10	15447.848885884483
1.9952623149688828e10	16154.284289224395
2.0144971934067833e10	16893.387548779723
2.033917501372293e10	17666.692560468957
2.053525026457146e10	18475.78960772388
2.073321573485954e10	19322.353632114988
2.0933089646823345e10	20208.13422130233
2.1134890398366432e10	21134.964829930752
2.1338636564753216e10	22104.764568238636
2.1544346900318867e10	23119.54316506329
2.1752040340195244e10	24181.404961680546
2.1961736002054367e10	25292.55366263376
2.2173453187867786e10	26455.29651915986
2.2387211385683376e10	27672.049644324154
2.260303027141917e10	28945.343102547897
2.2820929710674557e10	30277.82614514906
2.3040929760558495e10	31672.273086309415
2.3263050671536285e10	33131.58827412589
2.34873128892932e10	34658.81515320328
2.3713737056616554e10	36257.13890940337
2.3942344015295803e10	37929.89647376747
2.417315480804101e10	39680.58247349095
2.440619068041976e10	41512.85613730341
2.4641473082812763e10	43430.54896279789
2.4879023672388397e10	45437.6735177394
2.511886431509582e10	47538.43188501852
2.536101708767827e10	49737.22533471617
2.5605504279704754e10	52038.66279201441
2.5852348395621887e10	54447.57043779668
2.6101572156825333e10	56969.00406395386
2.6353198503751385e10	59608.25707098144
2.660725059798814e10	62370.87416195407
2.6863751824408104e10	65262.672795925246
2.7122725793320297e10	68289.71316743
2.7384196342643612e10	71458.37507522557
2.764818754010106e10	74775.32961685832
2.791472368543512e10	78247.56355154584
2.8183829312644493e10	81882.39532619773
2.8455529192242382e10	85687.48633385738
2.8729848333536686e10	89670.86497992148
2.900681198693156e10	93840.93856622494
2.9286445646252373e10	98206.51255360474
2.9568775051091873e10	102776.7960402414
2.9853826189179573e10	107561.47533447867
3.0141625298773857e10	112570.65521551044
3.0432198871077286e10	117814.93422309747
3.072557365267452e10	123305.40800877013
3.1021776647995045e10	129053.7026555306
3.132083512179837e10	135071.99861269494
3.1622776601683792e10	141373.04960612225
3.192762888062425e10	147970.2162228345
3.2235420019524593e10	154877.4893392891
3.2546178349804535e10	162109.52720729707
3.2859932476006474e10	169681.68190072844
3.3176711278428616e10	177610.03556969648
3.3496543915782795e10	185911.43143222196
3.3819459827879257e10	194603.50112589452
3.4145488738336006e10	203704.6362811118
3.447466065731491e10	213234.40634725502
3.480700588428406e10	223212.97619370007
3.5142555010806915e10	233661.60157308017
3.5481338923357605e10	244602.50521467693
3.58233888061648e10	256058.9922506054
3.616873614408161e10	268055.4996198569
3.651741272548377e10	280617.7409831423
3.686945064519573e10	293772.19910836744
3.72248823074449e10	307547.0798100971
3.758374042884435e10	321971.773103277
3.7946058041404335e10	337077.0772907156
3.831186849557293e10	352895.22874416894
3.868120546330525e10	369460.00360770803
3.905410294116381e10	386806.7978672975
3.94305952534472e10	404972.6784377421
3.981071705534969e10	423996.47609440703
4.01945033361512e10	443918.88493832137
4.058198942243807e10	464782.46671000234
4.097321098135422e10	486631.8874909283
4.136820402388512e10	509513.8869222842
4.1767004908171906e10	533477.4819523306
4.216965034285822e10	558573.9228126253
4.2576177390469154e10	584856.9621430079
4.298662347082272e10	612382.9026950182
4.340102636447431e10	641210.7169482728
4.3819424216194275e10	671402.2085452074
4.424185553847923e10	703022.0340240297
4.466835921509635e10	736138.0047719615
4.509897450466355e10	770821.1314243678
4.553374104426248e10	807145.7977913857
4.597269885308718e10	845189.9230891368
4.641588833612772e10	885035.1329479313
4.686335028788963e10	926766.9299998664
4.7315125896148125e10	970474.8801883921
4.777125674574048e10	1.0162528122849165e6
4.823178482239309e10	1.0641990080695094e6
4.869675251658631e10	1.1144164238343388e6
4.9166202627456406e10	1.1670129082451798e6
4.964017836673511e10	1.222101439697002e6
5.011872336272715e10	1.279800359669626e6
5.060188166432613e10	1.34023363602001e6
5.108969774506934e10	1.4035311282672803e6
5.1582216507230606e10	1.4698289045662342e6
5.207948328595465e10	1.5392693813298903e6
5.2581543853429276e10	1.6120017871973692e6
5.308844442309879e10	1.6881826252147437e6
5.360023165391785e10	1.7679756132712804e6
5.4116952654646484e10	1.8515523215196894e6
5.463865498818551e10	1.9390924683958092e6
5.5165386675955864e10	2.030784307481254e6
5.569719620231798e10	2.126825044917941e6
5.6234132519034904e10	2.227421228036448e6
5.677624504977816e10	2.3327892257760344e6
5.732358369467708e10	2.443155844455385e6
5.787619883491197e10	2.55875821719186e6
5.843414133735163e10	2.6798449922151817e6
5.899746255923572e10	2.8066769918116173e6
5.956621435290109e10	2.939526936646901e6
6.0140449070556175e10	3.078680592911336e6
6.072021956909884e10	3.224437359785317e6
6.130557921498202e10	3.377110821574991e6
6.189658188912597e10	3.537029460457229e6
6.249328199187811e10	3.7045372909652325e6
6.3095734448019424e10	3.8799947048976584e6
6.37039947118217e10	4.0637791722119497e6
6.431811877215091e10	4.256286066862026e6
6.493816315762113e10	4.4579295159030445e6
6.556418494179785e10	4.669143283402849e6
6.6196241748451454e10	4.890381701180393e6
6.683439175686135e10	5.12212063724546e6
6.747869370717123e10	5.364858508923681e6
6.812920690579622e10	5.619117369049744e6
6.878599123088081e10	5.88544399895955e6
6.944910713781213e10	6.164411093988945e6
7.011861566478363e10	6.456618397059823e6
7.079457843841373e10	6.762694292751062e6
7.147705767941846e10	7.083296784054116e6
7.216611620833897e10	7.419114868562614e6
7.286181745132289e10	7.770870264536614e6
7.356422544596422e10	8.139319072469801e6
7.427340484719673e10	8.525252926566007e6
7.498942093324559e10	8.929500991267627e6
7.571233961163602e10	9.352931656509839e6
7.644222742525995e10	9.79645438569417e6
7.717915155850111e10	1.0261021644763533e7
7.792317984341924e10	1.0747630843726369e7
7.86743807659941e10	1.1257326175759168e7
7.943282347242822e10	1.1791201546989158e7
8.019857777551352e10	1.2350402492395855e7
8.097171416105618e10	1.2936109109980881e7
8.175230379436493e10	1.3549616111084852e7
8.254041852680173e10	1.4192220435047258e7
8.333613090239577e10	1.4865299856507594e7
8.413951416451965e10	1.557029718189956e7
8.49506422626333e10	1.63087489620236e7
8.576958985908946e10	1.7082187325980995e7
8.659643233600653e10	1.789229338762042e7
8.743124580220732e10	1.8740801952086028e7
8.827410710022461e10	1.9629529612350233e7
8.91250938133744e10	2.0560378437191397e7
8.998428427289726e10	2.1535340239416454e7
9.085175756516881e10	2.25565004054846e7
9.172759353897803e10	2.3626042859212015e7
9.261187281287938e10	2.474625408145944e7
9.350467678261195e10	2.5919527949736636e7
9.440608762859225e10	2.7148371168229256e7
9.531618832347862e10	2.8435408136028696e7
9.623506263980907e10	2.978338662816988e7
9.716279515771077e10	3.1195183131252468e7
9.809947127268784e10	3.2673810758751728e7
9.904517720348015e10	3.422242245689701e7
1.e11	3.584433448102721e7
1.0096402755134482e11	3.754297413725896e7
1.0193734859388716e11	3.9321974152563386e7
1.0292005271944264e11	4.118512284070254e7
1.039122303835167e11	4.313638596668941e7
1.0491397291363069e11	4.5179895911336586e7
1.0592537251772897e11	4.7320035673129e7
1.0694652229266452e11	4.9561335968998015e7
1.0797751623277094e11	5.190855963508387e7
1.0901844923851268e11	5.436669160169979e7
1.1006941712522125e11	5.6940949722464465e7
1.1113051663191304e11	5.96367962177248e7
1.1220184543019653e11	6.245994826459371e7
1.1328350213326096e11	6.541638995063458e7
1.1437558630495389e11	6.851238463118485e7
1.1547819846894582e11	7.17544879124625e7
1.1659144011798311e11	7.514956120506631e7
1.1771541372323016e11	7.870478575649491e7
1.1885022274370164e11	8.24276772781597e7
1.1999597163578563e11	8.632610293048532e7
1.2115276586285852e11	9.04082921260917e7
1.2232071190499326e11	9.468286035659185e7
1.2349991726875851e11	9.915882280450705e7
1.2469049049711742e11	1.0384565474479793e8
1.2589254117941661e11	1.0875310529219764e8
1.2710617996147484e11	1.1389162848543623e8
1.2833151855576538e11	1.1927199356014568e8
1.2956866975170216e11	1.2490551204114439e8
1.3081774742601955e11	1.3080401989862868e8
1.3207886655325507e11	1.36979900538273e8
1.333521432163324e11	1.434461102024441e8
1.3463769461724666e11	1.5021620543909052e8
1.3593563908785242e11	1.5730436992185634e8
1.3724609610075597e11	1.6472544241065124e8
1.3856918628031244e11	1.724949471387819e8
1.39905031413729e11	1.8062912424836558e8
1.4125375446227554e11	1.8914496280125806e8
1.4261547957260086e11	1.9806023465252656e8
1.4399033208816327e11	2.0739353002029958e8
1.4537843856076605e11	2.171642948684781e8
1.4677992676220737e11	2.2739287070073226e8
1.481949256960388e11	2.3810053209483224e8
1.4962356560944357e11	2.4930953218927926e8
1.510659780052231e11	2.6104314459564996e8
1.5252229565390198e11	2.733257099548953e8
1.539926526059492e11	2.8618268690175104e8
1.5547718420411728e11	2.996406962477515e8
1.569760270959001e11	3.137275785711563e8
1.5848931924611108e11	3.2847244683952326e8
1.6001719994958246e11	3.439057435075672e8
1.6155980984398697e11	3.600593002440086e8
1.6311729092278397e11	3.7696640049616265e8
1.646897865482869e11	3.9466184426656145e8
1.6627744146486334e11	4.131820154828928e8
1.678804018122559e11	4.325649528780948e8
1.6949881513903513e11	4.5285042351326233e8
1.7113283041617847e11	4.740799993353577e8
1.7278259805078662e11	4.9629713808946097e8
1.744482698999256e11	5.1954726227318794e8
1.7612999928460526e11	5.438778551318699e8
1.7782794100389227e11	5.693385477482976e8
1.7954225134915903e11	5.959812074407772e8
1.8127308811846967e11	6.238600513377664e8
1.8302061063110532e11	6.530317409064338e8
1.847849797422287e11	6.835554821767331e8
1.8656635785769073e11	7.15493145397481e8
1.883649089489802e11	7.489093701357185e8
1.9018079856831396e11	7.838717106719283e8
1.920141938638801e11	8.204507552433383e8
1.9386526359522058e11	8.587202459701663e8
1.9573417814876657e11	8.987572157132745e8
1.9762110955351904e11	9.406421384189758e8
1.9952623149688828e11	9.844590750354003e8
2.0144971934067834e11	1.03029584382992e9
2.033917501372293e11	1.0782441711442597e9
2.053525026457146e11	1.1283998488390603e9
2.073321573485954e11	1.180862918797345e9
2.0933089646823346e11	1.2357378524328375e9
2.1134890398366434e11	1.293133747215934e9
2.1338636564753217e11	1.353164531548221e9
2.1544346900318777e11	1.4159489568953218e9
2.1752040340195245e11	1.4816115692983477e9
2.1961736002054367e11	1.5502820509551032e9
2.2173453187867786e11	1.6220953276272023e9
2.2387211385683377e11	1.6971928654614415e9
2.2603030271419263e11	1.7757221054143498e9
2.2820929710674554e11	1.8578369557137816e9
2.3040929760558493e11	1.9436980415160117e9
2.3263050671536285e11	2.033472952605988e9
2.3487312889293204e11	2.1273365541306238e9
2.3713737056616553e11	2.225471336623368e9
2.3942344015295804e11	2.3280676787794366e9
2.4173154808041013e11	2.435324156268397e9
2.4406190680419763e11	2.547447927664208e9
2.4641473082812762e11	2.664655076480364e9
2.4879023672388297e11	2.787170979683543e9
2.5118864315095822e11	2.915230693956795e9
2.5361017087678268e11	3.049079280467207e9
2.5605504279704755e11	3.188972216974365e9
2.5852348395621887e11	3.335175945067281e9
2.610157215682544e11	3.4879682430134454e9
2.6353198503751385e11	3.6476386084381437e9
2.660725059798814e11	3.8144887420154467e9
2.6863751824408105e11	3.98883319109597e9
2.7122725793320297e11	4.170999603642799e9
2.7384196342643613e11	4.361329456217855e9
2.7648187540101056e11	4.560178421623145e9
2.791472368543512e11	4.767917136870063e9
2.8183829312644495e11	4.984931430359068e9
2.845552919224238e11	5.211623305321886e9
2.8729848333536566e11	5.448411582194132e9
2.900681198693156e11	5.695732045557339e9
2.9286445646252374e11	5.954038420099953e9
2.956877505109187e11	6.223803151672314e9
2.985382618917957e11	6.505517793898454e9
3.014162529877398e11	6.799693909819781e9
3.043219887107728e11	7.106863938298361e9
3.072557365267452e11	7.427581750198851e9
3.1021776647995044e11	7.76242369925137e9
3.132083512179837e11	8.111989049203691e9
3.1622776601683795e11	8.476900806952747e9
3.192762888062425e11	8.85780681754024e9
3.223542001952459e11	9.255380904135525e9
3.2546178349804535e11	9.670323171133085e9
3.2859932476006476e11	1.0103360932784723e10
3.317671127842848e11	1.055525048334994e10
3.3496543915782794e11	1.1026776819742168e10
3.3819459827879254e11	1.1518755876431154e10
3.4145488738336005e11	1.2032034547859598e10
3.447466065731491e11	1.256749269553248e10
3.4807005884284204e11	1.312604285268295e10
3.5142555010806915e11	1.3708632060457872e10
3.5481338923357605e11	1.4316244174871222e10
3.582338880616481e11	1.4949898117333378e10
3.616873614408161e11	1.5610651799769423e10
3.651741272548377e11	1.6299601805687447e10
3.6869450645195734e11	1.7012253194691113e10
3.7224882307444904e11	1.776075646443244e10
3.7583740428844354e11	1.8540977594996094e10
3.794605804140434e11	1.935417789089073e10
3.831186849557277e11	2.0201665006980125e10
3.868120546330525e11	2.108479262993841e10
3.905410294116381e11	2.2004962396562836e10
3.94305952534472e11	2.2963623300634426e10
3.9810717055349695e11	2.396227442840732e10
4.019450333615136e11	2.5011290246219265e10
4.0581989422438074e11	2.60950730272858e10
4.097321098135422e11	2.722367304172746e10
4.1368204023885114e11	2.8398801125648952e10
4.1767004908171906e11	2.9622218997036472e10
4.216965034285823e11	3.0895748018041798e10
4.257617739046915e11	3.2221264897240906e10
4.2986623470822723e11	3.360070518624054e10
4.340102636447431e11	3.503592612323737e10
4.3819424216194275e11	3.652924844457095e10
4.424185553847905e11	3.808265385088796e10
4.466835921509635e11	3.969831625504864e10
4.509897450466355e11	4.1378472056937935e10
4.553374104426248e11	4.31254180047177e10
4.597269885308718e11	4.494169663985494e10
4.641588833612792e11	4.682936758307438e10
4.6863350287889636e11	4.879108694088951e10
4.7315125896148126e11	5.0829397077022766e10
4.7771256745740485e11	5.294690118380067e10
4.823178482239309e11	5.514626060244121e10
4.869675251658631e11	5.743019481340248e10
4.916620262745641e11	5.980148183850537e10
4.964017836673511e11	6.226295593640856e10
5.011872336272715e11	6.481750581762862e10
5.060188166432613e11	6.746806890857255e10
5.108969774506914e11	7.021762876228365e10
5.158221650723061e11	7.306921658826248e10
5.207948328595465e11	7.602590726117767e10
5.258154385342927e11	7.909080617941783e10
5.308844442309879e11	8.22670542776394e10
5.3600231653918066e11	8.555781622130911e10
5.4116952654646484e11	8.896627519801122e10
5.463865498818551e11	9.249563804103061e10
5.516538667595586e11	9.614909854539288e10
5.569719620231798e11	9.992986412471289e10
5.623413251903491e11	1.0384112024990915e11
5.677624504977816e11	1.0788602782103134e11
5.732358369467708e11	1.120677105104125e11
5.787619883491198e11	1.1638924250324489e11
5.843414133735164e11	1.2085363668608142e11
5.899746255923547e11	1.2546383770868794e11
5.95662143529011e11	1.3022266897552832e11
6.014044907055618e11	1.350612301542947e11
6.072021956909884e11	1.4012172119000998e11
6.130557921498202e11	1.4533840324399362e11
6.189658188912622e11	1.5071350363961313e11
6.249328199187811e11	1.5624904364551938e11
6.309573444801943e11	1.6194679661563406e11
6.37039947118217e11	1.6780828378345035e11
6.431811877215092e11	1.738347275213503e11
6.493816315762113e11	1.8002697002754745e11
6.556418494179785e11	1.863854953701709e11
6.619624174845145e11	1.929103385255738e11
6.683439175686135e11	1.997249919155289e11
6.747869370717123e11	2.065869520377429e11
6.812920690579595e11	2.1361260438035495e11
6.878599123088081e11	2.2079981740620984e11
6.944910713781215e11	2.281456632254888e11
7.011861566478363e11	2.356464962419424e11
7.079457843841373e11	2.432977710865051e11
7.147705767941875e11	2.5109401711091586e11
7.216611620833898e11	2.5902881752348862e11
7.286181745132289e11	2.670945376939185e11
7.356422544596421e11	2.7528232491178424e11
7.427340484719673e11	2.8358203132532306e11
7.498942093324558e11	2.919820471496544e11
7.571233961163601e11	3.004691857615111e11
7.644222742525994e11	3.0902849824088513e11
7.717915155850111e11	3.1764318572398627e11
7.792317984341924e11	3.26294397220531e11
7.867438076599377e11	3.349611677236581e11
7.943282347242821e11	3.436201192875239e11
8.019857777551353e11	3.5224550561421796e11
8.097171416105618e11	3.6080821999516943e11
8.175230379436493e11	3.6927670667205066e11
8.254041852680206e11	3.776158874554325e11
8.333613090239576e11	3.857872766989883e11
8.413951416451964e11	3.9374855818356e11
8.49506422626333e11	4.014532966525986e11
8.576958985908945e11	4.088506931839132e11
8.659643233600653e11	4.158852378895128e11
8.743124580220731e11	4.224962141074575e11
8.827410710022461e11	4.2861723180700366e11
8.91250938133744e11	4.3417630710975946e11
8.998428427289725e11	4.390949929937407e11
9.085175756516843e11	4.4328771693329376e11
9.172759353897804e11	4.466617824711749e11
9.261187281287937e11	4.491164419633009e11
9.350467678261195e11	4.5054225402676935e11
9.440608762859226e11	4.508211980169228e11
9.531618832347902e11	4.4982497259432745e11
9.623506263980907e11	4.474148642424132e11
9.716279515771078e11	4.434406653327636e11
9.809947127268784e11	4.3774033443088965e11
9.904517720348015e11	4.301384177487423e11
1.e12	4.204460382280432e11
