1.e7	0.
1.0096402755134482e7	0.
1.0193734859388737e7	0.
1.0292005271944286e7	0.
1.039122303835169e7	0.
1.049139729136309e7	0.
1.0592537251772897e7	0.
1.0694652229266452e7	0.
1.0797751623277094e7	0.
1.0901844923851268e7	0.
1.1006941712522103e7	0.
1.1113051663191281e7	0.
1.122018454301963e7	0.
1.1328350213326072e7	0.
1.1437558630495388e7	0.
1.154781984689458e7	0.
1.1659144011798311e7	0.
1.177154137232304e7	0.
1.188502227437019e7	0.
1.1999597163578587e7	0.
1.2115276586285876e7	0.
1.2232071190499326e7	0.
1.234999172687585e7	0.
1.2469049049711742e7	0.
1.2589254117941663e7	0.
1.2710617996147458e7	0.
1.2833151855576513e7	0.
1.295686697517019e7	0.
1.308177474260193e7	0.
1.3207886655325506e7	0.
1.333521432163324e7	0.
1.3463769461724665e7	0.
1.3593563908785269e7	0.
1.3724609610075625e7	0.
1.3856918628031274e7	0.
1.3990503141372928e7	0.
1.4125375446227554e7	0.
1.4261547957260085e7	0.
1.4399033208816327e7	0.
1.4537843856076606e7	0.
1.4677992676220706e7	0.
1.4819492569603847e7	0.
1.4962356560944328e7	0.
1.510659780052228e7	0.
1.5252229565390198e7	0.
1.539926526059492e7	0.
1.5547718420411726e7	0.
1.5697602709590042e7	0.
1.5848931924611142e7	0.
1.6001719994958278e7	0.
1.6155980984398728e7	0.
1.6311729092278397e7	0.
1.6468978654828688e7	0.
1.6627744146486335e7	0.
1.678804018122559e7	0.
1.6949881513903476e7	0.
1.711328304161781e7	0.
1.7278259805078626e7	0.
1.744482698999252e7	0.
1.7612999928460523e7	0.
1.7782794100389227e7	0.
1.7954225134915903e7	0.
1.8127308811846968e7	0.
1.8302061063110568e7	0.
1.8478497974222906e7	0.
1.865663578576911e7	0.
1.883649089489802e7	0.
1.9018079856831398e7	0.
1.920141938638801e7	0.
1.9386526359522056e7	0.
1.9573417814876616e7	0.
1.9762110955351863e7	0.
1.9952623149688788e7	0.
2.0144971934067793e7	0.
2.033917501372293e7	0.
2.053525026457146e7	0.
2.073321573485954e7	0.
2.0933089646823347e7	0.
2.1134890398366477e7	0.
2.133863656475326e7	0.
2.1544346900318824e7	1.735498771096958e-308
2.1752040340195246e7	1.42226366800913e-305
2.1961736002054367e7	1.0586581430902822e-302
2.2173453187867787e7	7.400087166189918e-300
2.2387211385683376e7	4.8606188491486497e-297
2.2603030271419216e7	3.001779336559182e-294
2.282092971067451e7	1.7440331334268714e-291
2.3040929760558445e7	9.538350753675409e-289
2.3263050671536237e7	4.9134415176828845e-286
2.34873128892932e7	2.3852898242676177e-283
2.3713737056616552e7	1.0919075821648857e-280
2.3942344015295804e7	4.715894461450812e-278
2.4173154808041014e7	1.9227263562148064e-275
2.4406190680419814e7	7.404325092608964e-273
2.4641473082812812e7	2.694667224043528e-270
2.4879023672388345e7	9.272807145663322e-268
2.5118864315095823e7	3.0188130953149384e-265
2.536101708767827e7	9.302728793865976e-263
2.5605504279704753e7	2.714948670679874e-260
2.5852348395621885e7	7.507853554614728e-258
2.6101572156825386e7	1.968323400097834e-255
2.635319850375133e7	4.894688155006035e-253
2.6607250597988084e7	1.1551031742178316e-250
2.686375182440805e7	2.5882179503103404e-248
2.71227257933203e7	5.509095044052481e-246
2.738419634264361e7	1.1144792497799648e-243
2.764818754010106e7	2.1438129769111682e-241
2.791472368543512e7	3.923140229448666e-239
2.818382931264455e7	6.833128911755305e-237
2.845552919224244e7	1.1333108766354875e-234
2.872984833353663e7	1.790708900104358e-232
2.900681198693156e7	2.696797203259541e-230
2.928644564625237e7	3.872735831673686e-228
2.9568775051091872e7	5.305554114016246e-226
2.9853826189179573e7	6.937164798138429e-224
3.0141625298773922e7	8.660936945298108e-222
3.043219887107722e7	1.0329295257517558e-219
3.0725573652674455e7	1.1773049153308406e-217
3.102177664799498e7	1.282942954868233e-215
3.132083512179837e7	1.337247275672442e-213
3.162277660168379e7	1.3337860040791674e-211
3.192762888062425e7	1.2735410476958814e-209
3.2235420019524593e7	1.1645888824685052e-207
3.2546178349804603e7	1.0203379501650592e-205
3.285993247600654e7	8.568488820522998e-204
3.3176711278428547e7	6.899674578334889e-202
3.3496543915782794e7	5.329553911728588e-200
3.381945982787926e7	3.950599658580825e-198
3.4145488738336004e7	2.8113536142062013e-196
3.447466065731491e7	1.9213963675450966e-194
3.480700588428413e7	1.2616375943030365e-192
3.514255501080684e7	7.962216293821909e-191
3.548133892335753e7	4.8314663086071565e-189
3.582338880616481e7	2.81988857108279e-187
3.616873614408161e7	1.5836301662885774e-185
3.651741272548377e7	8.560589900171733e-184
3.686945064519574e7	4.455941551359011e-182
3.72248823074449e7	2.2341760758578293e-180
3.758374042884443e7	1.0794242888865978e-178
3.794605804140442e7	5.027095500922087e-177
3.831186849557285e7	2.257584764119256e-175
3.868120546330525e7	9.77965079853257e-174
3.905410294116381e7	4.087934431338093e-172
3.94305952534472e7	1.6494277839108073e-170
3.981071705534969e7	6.426249984375998e-169
4.019450333615128e7	2.418363473803713e-167
4.058198942243799e7	8.793636890870569e-166
4.097321098135413e7	3.090583343320759e-164
4.1368204023885116e7	1.0502144743002557e-162
4.176700490817191e7	3.4515998626720264e-161
4.2169650342858225e7	1.0975031132213524e-159
4.2576177390469156e7	3.3773075640747187e-158
4.298662347082272e7	1.0061213388965388e-156
4.34010263644744e7	2.9025457847226256e-155
4.381942421619436e7	8.111283345174925e-154
4.424185553847914e7	2.1964098518990096e-152
4.466835921509635e7	5.764754335567207e-151
4.509897450466355e7	1.4669688600712498e-149
4.553374104426248e7	3.6204411104600824e-148
4.597269885308718e7	8.668205599745151e-147
4.641588833612782e7	2.0139536128503997e-145
4.686335028788954e7	4.5419933846320636e-144
4.7315125896148026e7	9.94588329874897e-143
4.777125674574048e7	2.1152511272680436e-141
4.823178482239309e7	4.37041780628483e-140
4.869675251658631e7	8.77497749799501e-139
4.9166202627456404e7	1.712574812562756e-137
4.964017836673511e7	3.2497571723892365e-136
5.011872336272725e7	5.997445447296386e-135
5.0601881664326236e7	1.0767400235650625e-133
5.108969774506924e7	1.8810424163687846e-132
5.158221650723061e7	3.1984712369592296e-131
5.207948328595465e7	5.294857974814095e-130
5.258154385342927e7	8.535815169839117e-129
5.3088444423098795e7	1.3403686977900948e-127
5.360023165391796e7	2.0506940190444178e-126
5.4116952654646374e7	3.057612613559214e-125
5.46386549881854e7	4.4440173046628025e-124
5.516538667595586e7	6.297763806415395e-123
5.569719620231798e7	8.704002462875849e-122
5.623413251903491e7	1.1734844010537803e-120
5.677624504977816e7	1.543703905186334e-119
5.732358369467708e7	1.9818955571671505e-118
5.787619883491209e7	2.483867091438835e-117
5.8434141337351754e7	3.0395309117850994e-116
5.8997462559235595e7	3.6325721037028334e-115
5.956621435290109e7	4.240814727509652e-114
6.014044907055618e7	4.8373633779508365e-113
6.072021956909884e7	5.392479986866258e-112
6.130557921498202e7	5.876029077276702e-111
6.18965818891261e7	6.260213429944072e-110
6.249328199187798e7	6.522250926126583e-109
6.3095734448019296e7	6.646629786732432e-108
6.37039947118217e7	6.626629425330342e-107
6.431811877215091e7	6.464899889053218e-106
6.493816315762113e7	6.17303446391921e-105
6.556418494179785e7	5.770220073310723e-104
6.619624174845146e7	5.28118018426759e-103
6.6834391756861486e7	4.733712103569769e-102
6.747869370717137e7	4.1561520934360854e-101
6.812920690579608e7	3.5750771723713057e-100
6.878599123088081e7	3.0134823842634e-99
6.944910713781214e7	2.48957481621422e-98
7.011861566478363e7	2.016221485633851e-97
7.079457843841374e7	1.6009961078194174e-96
7.147705767941861e7	1.2467028736538184e-95
7.216611620833883e7	9.522197384719925e-95
7.286181745132273e7	7.134984785797292e-94
7.356422544596422e7	5.245778279152531e-93
7.427340484719673e7	3.785004638981192e-92
7.498942093324558e7	2.680651509633772e-91
7.571233961163601e7	1.8638410219109084e-90
7.644222742525995e7	1.2724722280902307e-89
7.717915155850127e7	8.531675793913297e-89
7.79231798434194e7	5.61877814214486e-88
7.867438076599394e7	3.635340914546737e-87
7.943282347242822e7	2.3110940870896018e-86
8.019857777551351e7	1.4438834288230204e-85
8.097171416105618e7	8.866674557097519e-85
8.175230379436493e7	5.352725278012484e-84
8.25404185268019e7	3.1772063912036484e-83
8.333613090239559e7	1.8545658155686861e-82
8.413951416451947e7	1.0647185402075673e-81
8.49506422626333e7	6.01300905026236e-81
8.576958985908946e7	3.341038252676078e-80
8.659643233600654e7	1.826715917777692e-79
8.743124580220732e7	9.829407359848736e-79
8.82741071002246e7	5.206148518832065e-78
8.91250938133746e7	2.714589611309449e-77
8.998428427289744e7	1.3936544551189956e-76
9.085175756516862e7	7.04585323936087e-76
9.172759353897804e7	3.5083530472738385e-75
9.261187281287937e7	1.720787498281195e-74
9.350467678261195e7	8.315107900911121e-74
9.440608762859227e7	3.959014337556752e-73
9.531618832347882e7	1.8575736858875014e-72
9.623506263980888e7	8.59024366320619e-72
9.716279515771058e7	3.915844689074083e-71
9.809947127268784e7	1.759808814635887e-70
9.904517720348015e7	7.79802307727107e-70
1.e8	3.40753966002503e-69
1.0096402755134483e8	1.468562784348989e-68
1.0193734859388717e8	6.24304665254411e-68
1.0292005271944265e8	2.618242235495904e-67
1.0391223038351668e8	1.0833989906306384e-66
1.0491397291363113e8	4.4237240304845146e-66
1.0592537251772897e8	1.7826403358165977e-65
1.0694652229266451e8	7.090389847185982e-65
1.0797751623277093e8	2.7839487668023302e-64
1.0901844923851268e8	1.0791719308747898e-63
1.100694171252208e8	4.1305829456918163e-63
1.1113051663191305e8	1.5612623175744192e-62
1.1220184543019652e8	5.828224167779937e-62
1.1328350213326095e8	2.149037405285474e-61
1.1437558630495389e8	7.827986793722317e-61
1.1547819846894582e8	2.81711847877611e-60
1.165914401179831e8	1.001749446411906e-59
1.1771541372323017e8	3.5201539180720583e-59
1.1885022274370165e8	1.2225365080482593e-58
1.1999597163578562e8	4.196703530570437e-58
1.2115276586285901e8	1.4241284901148715e-57
1.2232071190499325e8	4.777846481150482e-57
1.2349991726875852e8	1.584909918430277e-56
1.2469049049711742e8	5.1989200889637595e-56
1.2589254117941661e8	1.6865693763255653e-55
1.2710617996147431e8	5.411575065156354e-55
1.2833151855576539e8	1.7175802232260083e-54
1.2956866975170216e8	5.392985657054276e-54
1.3081774742601955e8	1.6753478094598298e-53
1.3207886655325507e8	5.1497760847159325e-53
1.333521432163324e8	1.5664736658827294e-52
1.3463769461724666e8	4.715769409634425e-52
1.3593563908785242e8	1.405140141513495e-51
1.3724609610075596e8	4.1444493192996075e-51
1.3856918628031245e8	1.2101417002356204e-50
1.3990503141372958e8	3.498400330638931e-50
1.4125375446227553e8	1.0014008478313758e-49
1.4261547957260084e8	2.83852330237182e-49
1.4399033208816326e8	7.968260611334937e-49
1.4537843856076607e8	2.2154464715447523e-48
1.4677992676220676e8	6.101342187302513e-48
1.4819492569603878e8	1.6645438362622606e-47
1.4962356560944358e8	4.498935740335479e-47
1.5106597800522313e8	1.2047796802351003e-46
1.5252229565390196e8	3.196884832050827e-46
1.539926526059492e8	8.406316091105538e-46
1.5547718420411727e8	2.1906918949608782e-45
1.569760270959001e8	5.658363966121404e-45
1.584893192461111e8	1.4594147408538495e-44
1.6001719994958246e8	3.70382869032093e-44
1.615598098439876e8	9.318935886194863e-44
1.6311729092278397e8	2.3246669752808644e-43
1.6468978654828689e8	5.750022600788999e-43
1.6627744146486336e8	1.410352844509091e-42
1.678804018122559e8	3.4306004080480784e-42
1.6949881513903442e8	8.276200238708904e-42
1.7113283041617846e8	1.9803611593661578e-41
1.727825980507866e8	4.700500245309939e-41
1.744482698999256e8	1.1067854129467026e-40
1.7612999928460523e8	2.5854462337752902e-40
1.7782794100389227e8	5.99229515222157e-40
1.7954225134915903e8	1.3780618307532209e-39
1.812730881184697e8	3.144809060879781e-39
1.830206106311053e8	7.12199909843361e-39
1.847849797422287e8	1.6007463606479872e-38
1.865663578576915e8	3.570984857069025e-38
1.883649089489802e8	7.907314686273466e-38
1.9018079856831396e8	1.738105678651254e-37
1.920141938638801e8	3.79279862408173e-37
1.9386526359522057e8	8.216935997396732e-37
1.9573417814876577e8	1.7674870851623984e-36
1.9762110955351904e8	3.775098408184408e-36
1.9952623149688828e8	8.006729800472741e-36
2.0144971934067833e8	1.6864203013352038e-35
2.033917501372293e8	3.528087937592623e-35
2.053525026457146e8	7.329130906446371e-35
2.073321573485954e8	1.5124637591177184e-34
2.0933089646823347e8	3.100373314928038e-34
2.1134890398366433e8	6.3134550117619946e-34
2.1338636564753217e8	1.2772371234719729e-33
2.1544346900318867e8	2.567168159774605e-33
2.1752040340195245e8	5.126750520418823e-33
2.1961736002054366e8	1.0173294328300402e-32
2.2173453187867785e8	2.0060364558106322e-32
2.238721138568338e8	3.9309705531737013e-32
2.260303027141917e8	7.655440898777777e-32
2.2820929710674554e8	1.4817281434380533e-31
2.3040929760558495e8	2.850632294463786e-31
2.3263050671536288e8	5.451197995488625e-31
2.3487312889293203e8	1.0362217066414983e-30
2.3713737056616554e8	1.9581579168399903e-30
2.3942344015295804e8	3.6787601388351945e-30
2.4173154808041012e8	6.871284761994791e-30
2.4406190680419764e8	1.2760889602124753e-29
2.4641473082812762e8	2.3564272819909135e-29
2.48790236723884e8	4.3269367376591776e-29
2.511886431509582e8	7.901028164711626e-29
2.536101708767827e8	1.4347826608792015e-28
2.5605504279704756e8	2.5912584615124962e-28
2.5852348395621887e8	4.654573875863107e-28
2.610157215682533e8	8.316027690719812e-28
2.6353198503751385e8	1.4778853859822329e-27
2.660725059798814e8	2.6126198134679895e-27
2.686375182440811e8	4.594559826416486e-27
2.71227257933203e8	8.03831906414193e-27
2.738419634264361e8	1.3991406728751977e-26
2.764818754010106e8	2.422999025573904e-26
2.7914723685435116e8	4.175049856633204e-26
2.8183829312644494e8	7.158255380708002e-26
2.8455529192242384e8	1.2212658950050876e-25
2.8729848333536685e8	2.0734374297719164e-25
2.900681198693156e8	3.5032346200220174e-25
2.9286445646252376e8	5.890674841661804e-25
2.9568775051091874e8	9.858204987238054e-25
2.985382618917957e8	1.6420526007113421e-24
3.014162529877386e8	2.7223999895178755e-24
3.043219887107729e8	4.492741783885683e-24
3.072557365267452e8	7.380478795463932e-24
3.102177664799504e8	1.206951398955809e-23
3.132083512179837e8	1.964923885079183e-23
3.1622776601683795e8	3.184715089599298e-23
3.1927628880624247e8	5.1390469156550605e-23
3.223542001952459e8	8.256569502840998e-23
3.254617834980453e8	1.320807545956926e-22
3.285993247600647e8	2.103874827359783e-22
3.3176711278428614e8	3.3370149366054944e-22
3.349654391578279e8	5.270739770904732e-22
3.3819459827879256e8	8.290434349628748e-22
3.414548873833601e8	1.2986503217225012e-21
3.447466065731491e8	2.0259708323166695e-21
3.480700588428406e8	3.1478700456413505e-21
3.514255501080691e8	4.871464213579965e-21
3.5481338923357606e8	7.508922491726416e-21
3.582338880616481e8	1.1528887811716195e-20
3.616873614408161e8	1.763212897606357e-20
3.651741272548377e8	2.6862448266370726e-20
3.6869450645195735e8	4.076857850964499e-20
3.72248823074449e8	6.163966178502537e-20
3.7583740428844357e8	9.284642768241459e-20
3.7946058041404337e8	1.3933346880457701e-19
3.831186849557293e8	2.083273862586441e-19
3.8681205463305247e8	3.103508042315109e-19
3.905410294116381e8	4.606699154203665e-19
3.94305952534472e8	6.813527829978172e-19
3.981071705534969e8	1.0041856857253224e-18
4.0194503336151195e8	1.4747904320756853e-18
4.0581989422438073e8	2.1584163103835723e-18
4.097321098135422e8	3.148060023696713e-18
4.1368204023885113e8	4.575808089996878e-18
4.1767004908171904e8	6.628626761159312e-18
4.2169650342858225e8	9.57026829604346e-18
4.257617739046915e8	1.3771563354633193e-17
4.298662347082272e8	1.9752160374913282e-17
4.3401026364474314e8	2.8237853721339064e-17
4.381942421619427e8	4.023906945673839e-17
4.424185553847923e8	5.715794966816504e-17
4.466835921509635e8	8.093399670843621e-17
4.509897450466355e8	1.1424155822974956e-16
4.5533741044262487e8	1.6075668386116426e-16
4.597269885308718e8	2.255166400856805e-16
4.641588833612773e8	3.1540285606082054e-16
4.6863350287889636e8	4.397874541280388e-16
4.731512589614813e8	6.113963128471829e-16
4.777125674574048e8	8.474578286421753e-16
4.823178482239309e8	1.1712271195537258e-15
4.869675251658631e8	1.6140024765939595e-15
4.916620262745641e8	2.2177858104729194e-15
4.9640178366735107e8	3.0387817369991717e-15
5.011872336272715e8	4.151991032873226e-15
5.060188166432613e8	5.65719402240545e-15
5.108969774506935e8	7.688263616592184e-15
5.158221650723061e8	1.0418051079595255e-14
5.207948328595465e8	1.4078904271698875e-14
5.2581543853429276e8	1.8975227094144395e-14
5.308844442309879e8	2.5506597436774367e-14
5.360023165391785e8	3.4196131233361765e-14
5.411695265464648e8	4.5726900371268185e-14
5.463865498818551e8	6.0988502763905e-14
5.516538667595586e8	8.113679812108609e-14
5.569719620231798e8	1.0766924777495807e-13
5.623413251903491e8	1.4252166105513535e-13
5.677624504977816e8	1.8819000539689788e-13
5.732358369467708e8	2.47884669972262e-13
5.787619883491197e8	3.2572465240090153e-13
5.843414133735163e8	4.2698430637216765e-13
5.899746255923572e8	5.583963929423481e-13
5.956621435290109e8	7.285409041575333e-13
6.014044907055618e8	9.483235613557808e-13
6.072021956909884e8	1.2315751500813284e-12
6.130557921498202e8	1.595796445709274e-12
6.189658188912597e8	2.063082519923007e-12
6.249328199187812e8	2.6612683393944365e-12
6.309573444801943e8	3.425340061328604e-12
6.37039947118217e8	4.3991811628654564e-12
6.431811877215091e8	5.6377149797021925e-12
6.493816315762113e8	7.209537887015601e-12
6.556418494179785e8	9.198190938356055e-12
6.619624174845146e8	1.1713365394826313e-11
6.683439175686135e8	1.488868175026555e-11
6.747869370717123e8	1.8882082179480105e-11
6.812920690579622e8	2.3898170659249632e-11
6.878599123088082e8	3.0186299599995965e-11
6.944910713781214e8	3.805351198810894e-11
7.011861566478363e8	4.7877156484227046e-11
7.079457843841373e8	6.012009625533424e-11
7.147705767941846e8	7.534901281502389e-11
7.216611620833898e8	9.425638790325801e-11
7.286181745132289e8	1.176868601010823e-10
7.356422544596422e8	1.4666875626127844e-10
7.427340484719672e8	1.8245162759688176e-10
7.498942093324559e8	2.2655184572818881e-10
7.571233961163601e8	2.808046823249144e-10
7.644222742525994e8	3.474291585129732e-10
7.717915155850111e8	4.291026795024611e-10
7.792317984341924e8	5.290502661661597e-10
7.86743807659941e8	6.511499286683933e-10
7.943282347242821e8	8.000568394536754e-10
8.019857777551352e8	9.813496765915698e-10
8.097171416105617e8	1.2017025832315287e-9
8.175230379436493e8	1.4690868772305537e-9
8.254041852680173e8	1.793007594686966e-9
8.333613090239576e8	2.184779874915802e-9
8.413951416451964e8	2.657851556072639e-9
8.49506422626333e8	3.2281799929527867e-9
8.576958985908946e8	3.91468928699511e-9
8.659643233600653e8	4.739676749028105e-9
8.743124580220731e8	5.7296080088552636e-9
8.82741071002246e8	6.915593949472675e-9
8.912509381337441e8	8.334280562900346e-9
8.998428427289726e8	1.00287445773995e-8
9.08517575651688e8	1.204953269171155e-8
9.172759353897803e8	1.4455876084305197e-8
9.261187281287937e8	1.731707062818745e-8
9.350467678261195e8	2.071406532499126e-8
9.440608762859226e8	2.474127783154196e-8
9.531618832347863e8	2.950866989035501e-8
9.623506263980907e8	3.5144115371341144e-8
9.716279515771078e8	4.17960938439559e-8
9.809947127268784e8	4.9636755607655766e-8
9.904517720348015e8	5.8865402041831953e-8
1.e9	6.971242574089398e-8
1.0096402755134482e9	8.244377266144701e-8
1.0193734859388716e9	9.736598032413273e-8
1.0292005271944265e9	1.148318595323892e-7
1.0391223038351669e9	1.3524689470218373e-7
1.0491397291363113e9	1.5907644306916694e-7
1.0592537251772897e9	1.8685380458218495e-7
1.0694652229266452e9	2.191892723478252e-7
1.0797751623277094e9	2.567802700763502e-7
1.0901844923851268e9	3.004226714788052e-7
1.100694171252208e9	3.510234230327718e-7
1.1113051663191304e9	4.0961456681893604e-7
1.1220184543019652e9	4.773690511802536e-7
1.1328350213326094e9	5.556177960344806e-7
1.1437558630495389e9	6.45869313169987e-7
1.1547819846894581e9	7.498308409595454e-7
1.165914401179831e9	8.694320028555104e-7
1.1771541372323017e9	1.006850863396312e-6
1.1885022274370165e9	1.1645427007157487e-6
1.1999597163578563e9	1.3452716564690038e-6
1.21152765862859e9	1.5521455783908634e-6
1.2232071190499325e9	1.7886542968057356e-6
1.234999172687585e9	2.0587115780987278e-6
1.246904904971174e9	2.366701208701393e-6
1.258925411794166e9	2.7175273067862723e-6
1.2710617996147432e9	3.116669424510515e-6
1.283315185557654e9	3.570242595314913e-6
1.2956866975170217e9	4.085063851859391e-6
1.3081774742601955e9	4.6687219119297595e-6
1.3207886655325506e9	5.3296569621414735e-6
1.333521432163324e9	6.077244786733467e-6
1.3463769461724665e9	6.921888763136996e-6
1.359356390878524e9	7.875120667293925e-6
1.3724609610075598e9	8.94970884674924e-6
1.3856918628031244e9	0.000010159776882481018
1.3990503141372957e9	0.000011520933337104732
1.4125375446227555e9	0.000013050402376671808
1.4261547957260084e9	0.000014767189893151467
1.4399033208816326e9	0.000016692225562699915
1.4537843856076605e9	0.00001884855284814656
1.4677992676220675e9	0.000021261526394550807
1.481949256960388e9	0.000023958977636937527
1.496235656094436e9	0.000026971528032790262
1.510659780052231e9	0.00003033269426627334
1.5252229565390198e9	0.00003407929687254457
1.5399265260594919e9	0.0000382516421846653
1.5547718420411727e9	0.00004289386582607672
1.569760270959001e9	0.000048054263480444335
1.5848931924611108e9	0.00005378559483483087
1.6001719994958246e9	0.0000601456920845622
1.615598098439876e9	0.0000671974599182483
1.6311729092278397e9	0.00007500974298316604
1.646897865482869e9	0.00008365763563092934
1.6627744146486335e9	0.00009322298439546889
1.6788040181225588e9	0.00010379514913930975
1.6949881513903444e9	0.00011547136178490435
1.7113283041617844e9	0.00012835763721246365
1.7278259805078661e9	0.0001425694166587099
1.744482698999256e9	0.00015823119068149636
1.7612999928460524e9	0.00017548339269921675
1.7782794100389228e9	0.0001944713544695585
1.7954225134915903e9	0.00021535819678910424
1.812730881184697e9	0.0002383202343895488
1.830206106311053e9	0.0002635491847824926
1.847849797422287e9	0.0002912534697311616
1.8656635785769148e9	0.0003216599011827613
1.8836490894898021e9	0.00035501475142568173
1.9018079856831396e9	0.0003915863657638755
1.920141938638801e9	0.00043166593166224786
1.9386526359522057e9	0.0004755702080463282
1.9573417814876575e9	0.0005236437818688415
1.9762110955351903e9	0.0005762608111756643
1.9952623149688828e9	0.0006338282374118481
2.0144971934067833e9	0.0006967886862815423
2.033917501372293e9	0.0007656225588251609
2.0535250264571462e9	0.0008408525778748798
2.073321573485954e9	0.0009230471661747831
2.0933089646823347e9	0.0010128232948781338
2.1134890398366432e9	0.0011108523067620223
2.1338636564753218e9	0.0012178636057857898
2.1544346900318866e9	0.0013346492529393286
2.1752040340195246e9	0.0014620722266839397
2.1961736002054367e9	0.0016010670088487868
2.2173453187867785e9	0.0017526516647237743
2.238721138568338e9	0.0019179311378164853
2.260303027141917e9	0.0020981040468763894
2.2820929710674553e9	0.002294480750739275
2.3040929760558496e9	0.0025084718358992404
2.326305067153629e9	0.0027416180772360976
2.3487312889293203e9	0.002995590054009167
2.3713737056616554e9	0.0032722016667584746
2.39423440152958e9	0.0035734210860003126
2.4173154808041015e9	0.003901384997876875
2.4406190680419765e9	0.004258415653762944
2.464147308281276e9	0.004647023401147438
2.4879023672388396e9	0.0050699396898223675
2.511886431509582e9	0.0055301204008487495
2.536101708767827e9	0.006030776256083084
2.5605504279704757e9	0.006575379189797432
2.5852348395621886e9	0.007167698437168048
2.6101572156825333e9	0.007811812425147897
2.6353198503751383e9	0.008512140178235948
2.660725059798814e9	0.009273462808623841
2.6863751824408107e9	0.010100957476185819
2.71227257933203e9	0.011000223544845793
2.7384196342643614e9	0.01197732151473829
2.7648187540101056e9	0.013038795155531907
2.791472368543512e9	0.014191728502495603
2.818382931264449e9	0.015443764558804422
2.8455529192242384e9	0.016803175121731552
2.8729848333536687e9	0.018278867745240478
2.9006811986931562e9	0.01988048749393333
2.9286445646252375e9	0.0216184081498233
2.956877505109187e9	0.023503853987801606
2.9853826189179573e9	0.02554889525997324
3.014162529877386e9	0.027766565596997275
3.0432198871077285e9	0.030170363394032295
3.072557365267452e9	0.032777020193120315
3.1021776647995043e9	0.03560119540440057
3.132083512179837e9	0.038660954026527
3.1622776601683793e9	0.04197516105381285
3.1927628880624247e9	0.04556407658921705
3.2235420019524593e9	0.04944952014478988
3.2546178349804535e9	0.053654926803270844
3.2859932476006474e9	0.05820546733705275
3.3176711278428617e9	0.06312821513963501
3.3496543915782795e9	0.06845219020881672
3.3819459827879257e9	0.07420858441967385
3.4145488738336005e9	0.0804308558035574
3.447466065731491e9	0.08715485735740759
3.480700588428406e9	0.09441911458763556
3.5142555010806913e9	0.10226484112404671
3.5481338923357606e9	0.11073625558453427
3.5823388806164804e9	0.11988071164327191
3.616873614408161e9	0.12974890362143962
3.651741272548377e9	0.14039513907618778
3.686945064519573e9	0.15187752187908982
3.72248823074449e9	0.16425818911726633
3.7583740428844357e9	0.17760372704063185
3.794605804140434e9	0.1919851729521189
3.831186849557293e9	0.20747853822184054
3.868120546330525e9	0.22416511484316562
3.905410294116381e9	0.24213162286675674
3.94305952534472e9	0.2614707736980726
3.9810717055349693e9	0.28228166909740515
4.0194503336151195e9	0.3046698406991837
4.0581989422438073e9	0.3287480585043752
4.0973210981354218e9	0.35463671249308326
4.136820402388511e9	0.38246407683627864
4.17670049081719e9	0.4123669343586227
4.2169650342858224e9	0.44449142868775676
4.2576177390469155e9	0.47899277583480804
4.298662347082273e9	0.5160368368408241
4.340102636447432e9	0.5558000878229117
4.381942421619428e9	0.598470560932827
4.424185553847923e9	0.6442661067448051
4.466835921509635e9	0.6933467821130237
4.509897450466355e9	0.7459927815951429
4.553374104426249e9	0.8024273891347536
4.597269885308718e9	0.8629074360842831
4.641588833612773e9	0.9277065479034492
4.686335028788963e9	0.9971148991326478
4.731512589614813e9	1.0714412362495662
4.777125674574048e9	1.1510139579286975
4.823178482239309e9	1.2361822575522594
4.869675251658631e9	1.3273168132360884
4.916620262745641e9	1.4248176549245413
4.964017836673511e9	1.5290841908984147
5.011872336272715e9	1.640579691625048
5.060188166432613e9	1.7597699582178583
5.108969774506935e9	1.8871550253602545
5.158221650723061e9	2.0232675627787575
5.207948328595465e9	2.1686710499499844
5.258154385342927e9	2.3239638260174886
5.308844442309879e9	2.4897816719527524
5.360023165391785e9	2.666797450893914
5.411695265464648e9	2.855725992315647
5.463865498818551e9	3.0573235041929228
5.516538667595586e9	3.2723939833163582
5.569719620231798e9	3.501788213649918
5.623413251903491e9	3.746410427122445
5.677624504977817e9	4.007213980691525
5.732358369467708e9	4.285212747885113
5.787619883491197e9	4.581480257926651
5.843414133735163e9	4.897153132453241
5.899746255923572e9	5.233435276083244
5.95662143529011e9	5.591601160789215
6.014044907055617e9	5.973001816318372
6.0720219569098835e9	6.379066592948033
6.130557921498202e9	6.811307180041229
6.189658188912597e9	7.271325824239994
6.249328199187811e9	7.760816925200943
6.309573444801943e9	8.281574011995861
6.37039947118217e9	8.83549408639629
6.431811877215091e9	9.424584090179406
6.493816315762114e9	10.05096769297965
6.556418494179785e9	10.716892025072472
6.619624174845145e9	11.42472823232948
6.683439175686135e9	12.176981718504168
6.747869370717123e9	12.976334869381322
6.812920690579622e9	13.825564936402515
6.878599123088081e9	14.727649991499705
6.944910713781214e9	15.68572689222182
7.011861566478363e9	16.70310986836015
7.079457843841373e9	17.783303133720924
7.147705767941846e9	18.930007434655927
7.216611620833899e9	20.147133729850434
7.286181745132289e9	21.438813693218282
7.356422544596421e9	22.809412413481912
7.427340484719672e9	24.26353854703115
7.498942093324558e9	25.806063927855956
7.571233961163601e9	27.44212971340127
7.644222742525994e9	29.17716624236118
7.717915155850112e9	31.016903724930483
7.792317984341925e9	32.96740253530728
7.86743807659941e9	35.03505448357526
7.943282347242822e9	37.22659881089805
8.019857777551352e9	39.5491599185115
8.097171416105618e9	42.01025453052699
8.175230379436493e9	44.61781643862983
8.254041852680173e9	47.380218977994986
8.333613090239576e9	50.30628701989753
8.413951416451964e9	53.4053444505715
8.4950642262633295e9	56.68722762752551
8.576958985908946e9	60.162306927345476
8.659643233600653e9	63.841527346970054
8.743124580220732e9	67.73642768887056
8.82741071002246e9	71.85919362991504
8.91250938133744e9	76.22266242182295
8.998428427289726e9	80.84035172275439
9.08517575651688e9	85.72661098091946
9.172759353897804e9	90.89643000878655
9.261187281287937e9	96.36571273895869
9.350467678261196e9	102.1511967617304
9.440608762859226e9	108.2705318292333
9.531618832347862e9	114.74232439462827
9.623506263980907e9	121.58618657929743
9.716279515771078e9	128.82278914083702
9.809947127268784e9	136.47392855144983
9.904517720348015e9	144.5625641490924
1.e10	153.11289645748687
1.0096402755134481e10	162.15043449757852
1.0193734859388716e10	171.7021385098621
1.0292005271944265e10	181.79607666282234
1.039122303835167e10	192.4623376900313
1.0491397291363113e10	203.73227160375944
1.0592537251772898e10	215.63899878293506
1.069465222926645e10	228.2174085915333
1.0797751623277094e10	241.50426812565354
1.0901844923851267e10	255.5382519431933
1.1006941712522081e10	270.3602234645549
1.1113051663191305e10	286.0130728056416
1.1220184543019653e10	302.54202164757913
1.1328350213326096e10	319.99473887537323
1.1437558630495388e10	338.42143107713207
1.1547819846894583e10	357.87487138963417
1.1659144011798311e10	378.4106939429677
1.1771541372323017e10	400.08753758467884
1.1885022274370165e10	422.9670442974043
1.1999597163578562e10	447.11414723086426
1.21152765862859e10	472.5972343518937
1.2232071190499325e10	499.48825577651934
1.234999172687585e10	527.8629802134565
1.246904904971174e10	557.801196996912
1.2589254117941662e10	589.3868357502117
1.2710617996147432e10	622.7082697709233
1.2833151855576538e10	657.8585136974069
1.2956866975170216e10	694.9355180026988
1.3081774742601955e10	734.0422031804358
1.3207886655325506e10	775.2871027070208
1.333521432163324e10	818.7842403409828
1.3463769461724665e10	864.653744124612
1.3593563908785242e10	913.0219627742102
1.3724609610075598e10	964.0218689552404
1.3856918628031244e10	1017.7934483377367
1.3990503141372957e10	1074.4835503445267
1.4125375446227554e10	1134.247442196657
1.4261547957260084e10	1197.2478064135282
1.4399033208816326e10	1263.6562262501704
1.4537843856076607e10	1333.6529556762177
1.4677992676220675e10	1407.4277778718888
1.4819492569603878e10	1485.1806974103017
1.4962356560944359e10	1567.1200569009675
1.5106597800522312e10	1653.468250430929
1.5252229565390198e10	1744.4569761505588
1.539926526059492e10	1840.3305518038396
1.5547718420411726e10	1941.3458727366797
1.569760270959001e10	2047.7731188840241
1.5848931924611109e10	2159.8963371918903
1.6001719994958244e10	2278.0149596927795
1.6155980984398762e10	2402.4425903972674
1.6311729092278397e10	2533.509964888981
1.646897865482869e10	2671.564611015562
1.6627744146486336e10	2816.971942935241
1.678804018122559e10	2970.11618542898
1.6949881513903442e10	3131.4013409999343
1.7113283041617846e10	3301.2528067752974
1.7278259805078663e10	3480.116793182554
1.7444826989992558e10	3668.4593563100693
1.7612999928460526e10	3866.7800341114494
1.778279410038923e10	4075.6013064762046
1.79542251349159e10	4295.458046254742
1.812730881184697e10	4526.928910410979
1.830206106311053e10	4770.6168694720145
1.847849797422287e10	5027.155755224457
1.865663578576915e10	5297.211891236763
1.883649089489802e10	5581.485727736714
1.9018079856831398e10	5880.713122951954
1.9201419386388012e10	6195.6682056408545
1.9386526359522057e10	6527.164193188859
1.9573417814876575e10	6876.055642287535
1.9762110955351902e10	7243.241120979763
1.9952623149688828e10	7629.664827341474
2.0144971934067833e10	8036.317328844692
2.033917501372293e10	8464.244638042373
2.053525026457146e10	8914.54100766553
2.073321573485954e10	9388.357692024943
2.0933089646823345e10	9886.905558837952
2.1134890398366432e10	10411.455737146189
2.1338636564753216e10	10963.344326320599
2.1544346900318867e10	11543.976191200521
2.1752040340195244e10	12154.824017678551
2.1961736002054367e10	12797.442277806918
2.2173453187867786e10	13473.4601545655
2.2387211385683376e10	14184.584325847965
2.260303027141917e10	14932.614951006715
2.2820929710674557e10	15719.441064994624
2.3040929760558495e10	16547.047357686497
2.3263050671536285e10	17417.519100906015
2.34873128892932e10	18333.04606755615
2.3713737056616554e10	19295.929699168195
2.3942344015295803e10	20308.58722495308
2.417315480804101e10	21373.55762984327
2.440619068041976e10	22493.508900715886
2.4641473082812763e10	23671.243176281754
2.4879023672388397e10	24909.703857827644
2.511886431509582e10	26211.982369661015
2.536101708767827e10	27581.326528257086
2.5605504279704754e10	29021.146061749376
2.5852348395621887e10	30535.026167723154
2.6101572156825333e10	32126.728964254555
2.6353198503751385e10	33800.206252163145
2.660725059798814e10	35559.60933251759
2.6863751824408104e10	37409.30393996075
2.7122725793320297e10	39353.85668271181
2.7384196342643612e10	41398.08422469145
2.764818754010106e10	43547.03271096903
2.791472368543512e10	45806.00689736096
2.8183829312644493e10	48180.57706023232
2.8455529192242382e10	50676.59028529566
2.8729848333536686e10	53300.1885666296
2.900681198693156e10	56057.82150028353
2.9286445646252373e10	58956.26111762887
2.9568775051091873e10	62002.611947826044
2.9853826189179573e10	65204.354053768526
3.0141625298773857e10	68569.32196768648
3.0432198871077286e10	72105.7492132087
3.072557365267452e10	75822.27825583181
3.1021776647995045e10	79727.98408927459
3.132083512179837e10	83832.40011816686
3.1622776601683792e10	88145.52873862188
3.192762888062425e10	92677.87531497073
3.2235420019524593e10	97440.46668888294
3.2546178349804535e10	102444.87845676701
3.2859932476006474e10	107703.27252230994
3.3176711278428616e10	113228.40695554562
3.3496543915782795e10	119033.67991604978
3.3819459827879257e10	125133.15466820406
3.4145488738336006e10	131541.59557531046
3.447466065731491e10	138274.4984194892
3.480700588428406e10	145348.1430716939
3.5142555010806915e10	152779.6039915165
3.5481338923357605e10	160586.8051492199
3.58233888061648e10	168788.56853359326
3.616873614408161e10	177404.64773010727
3.651741272548377e10	186455.77922645124
3.686945064519573e10	195963.724521481
3.72248823074449e10	205951.32910642796
3.758374042884435e10	216442.571093649
3.7946058041404335e10	227462.62623363818
3.831186849557293e10	239037.89126370632
3.868120546330525e10	251196.09352921636
3.905410294116381e10	263966.3311838468
3.94305952534472e10	277379.14161938464
3.981071705534969e10	291466.56581135606
4.01945033361512e10	306262.2697353127
4.058198942243807e10	321801.51573665085
4.097321098135422e10	338121.360863542
4.136820402388512e10	355260.67789761175
4.1767004908171906e10	373260.2703777402
4.216965034285822e10	392162.952608097
4.2576177390469154e10	412013.63847070554
4.298662347082272e10	432859.4835676162
4.340102636447431e10	454749.9567407612
4.3819424216194275e10	477736.99093852506
4.424185553847923e10	501875.0196063112
4.466835921509635e10	527221.218849145
4.509897450466355e10	553835.57562673
4.553374104426248e10	581781.0006483443
4.597269885308718e10	611123.5675969631
4.641588833612772e10	641932.4939087343
4.686335028788963e10	674280.500977331
4.7315125896148125e10	708243.8585487562
4.777125674574048e10	743902.5877129398
4.823178482239309e10	781340.6128804283
4.869675251658631e10	820646.070293622
4.9166202627456406e10	861911.3440717146
4.964017836673511e10	905233.3835976347
5.011872336272715e10	950713.8987554661
5.060188166432613e10	998459.5921619345
5.108969774506934e10	1.0485824106531187e6
5.1582216507230606e10	1.1011997979906064e6
5.207948328595465e10	1.1564348924046305e6
5.2581543853429276e10	1.2144168952377478e6
5.308844442309879e10	1.2752814652952515e6
5.360023165391785e10	1.3391707070405744e6
5.4116952654646484e10	1.4062337729952738e6
5.463865498818551e10	1.47662712068274e6
5.5165386675955864e10	1.5505148644659417e6
5.569719620231798e10	1.6280691535901686e6
5.6234132519034904e10	1.709470532068996e6
5.677624504977816e10	1.7949084231027719e6
5.732358369467708e10	1.8845815253319805e6
5.787619883491197e10	1.9786979923028366e6
5.843414133735163e10	2.0774763198098813e6
5.899746255923572e10	2.181145949891935e6
5.956621435290109e10	2.2899471405312526e6
6.0140449070556175e10	2.4041319692198e6
6.072021956909884e10	2.5239648457072154e6
6.130557921498202e10	2.6497230318121635e6
6.189658188912597e10	2.7816973401022973e6
6.249328199187811e10	2.920192700736133e6
6.3095734448019424e10	3.065528932852777e6
6.37039947118217e10	3.218041412823087e6
6.431811877215091e10	3.3780818359283837e6
6.493816315762113e10	3.5460190060856123e6
6.556418494179785e10	3.722239659440045e6
6.6196241748451454e10	3.9071493183132927e6
6.683439175686135e10	4.101173246639281e6
6.747869370717123e10	4.304757322878185e6
6.812920690579622e10	4.518369090380917e6
6.878599123088081e10	4.742498783545566e6
6.944910713781213e10	4.9776604215167975e6
7.011861566478363e10	5.224392881566531e6
7.079457843841373e10	5.48326138820249e6
7.147705767941846e10	5.754858405257741e6
7.216611620833897e10	6.039804961281102e6
7.286181745132289e10	6.338752165874563e6
7.356422544596422e10	6.652383182734829e6
7.427340484719673e10	6.98141362724422e6
7.498942093324559e10	7.326593953394793e6
7.571233961163602e10	7.688710826690175e6
7.644222742525995e10	8.068588984046975e6
7.717915155850111e10	8.467093043662634e6
7.792317984341924e10	8.885129320921648e6
7.86743807659941e10	9.323647692125909e6
7.943282347242822e10	9.783644463502094e6
8.019857777551352e10	1.02661633441636e7
8.097171416105618e10	1.0772298818269212e7
8.175230379436493e10	1.1303197730181215e7
8.254041852680173e10	1.1860062423672432e7
8.333613090239577e10	1.2444153075684361e7
8.413951416451965e10	1.3056790495172862e7
8.49506422626333e10	1.3699359058831528e7
8.576958985908946e10	1.4373309756963357e7
8.659643233600653e10	1.5080163250324186e7
8.743124580220732e10	1.5821513246397603e7
8.827410710022461e10	1.6599030150717244e7
8.91250938133744e10	1.7414464365255103e7
8.998428427289726e10	1.826965040581278e7
9.085175756516881e10	1.916651049850667e7
9.172759353897803e10	2.0107059725316793e7
9.261187281287938e10	2.1093409022076543e7
9.350467678261195e10	2.21277706836194e7
9.440608762859225e10	2.3212462943236627e7
9.531618832347862e10	2.434991483791223e7
9.623506263980907e10	2.5542671584496997e7
9.716279515771077e10	2.679340008712901e7
9.809947127268784e10	2.810489477487756e7
9.904517720348015e10	2.948009440606223e7
1.e11	3.0922045411181487e7
1.0096402755134482e11	3.2433972032003857e7
1.0193734859388716e11	3.4019241469606504e7
1.0292005271944264e11	3.568138139052875e7
1.039122303835167e11	3.742408751009016e7
1.0491397291363069e11	3.925121654308377e7
1.0592537251772897e11	4.116685343726077e7
1.0694652229266452e11	4.317523288101218e7
1.0797751623277094e11	4.528080563711761e7
1.0901844923851268e11	4.748823390377771e7
1.1006941712522125e11	4.980240123640891e7
1.1113051663191304e11	5.222842438459341e7
1.1220184543019653e11	5.477165862671376e7
1.1328350213326096e11	5.743771724470839e7
1.1437558630495389e11	6.023247805744269e7
1.1547819846894582e11	6.3162097149049655e7
1.1659144011798311e11	6.623302213703994e7
1.1771541372323016e11	6.945200484299542e7
1.1885022274370164e11	7.282614704049572e7
1.1999597163578563e11	7.636279524674514e7
1.2115276586285852e11	8.00697343897372e7
1.2232071190499326e11	8.395504861457446e7
1.2349991726875851e11	8.80273112719458e7
1.2469049049711742e11	9.229539301794346e7
1.2589254117941661e11	9.676861739515184e7
1.2710617996147484e11	1.0145674674469036e8
1.2833151855576538e11	1.0637000260254472e8
1.2956866975170216e11	1.1151908694293188e8
1.3081774742601955e11	1.1691520400035238e8
1.3207886655325507e11	1.2257008383440112e8
1.333521432163324e11	1.2849600666560346e8
1.3463769461724666e11	1.347058283813758e8
1.3593563908785242e11	1.412130066245369e8
1.3724609610075597e11	1.4803162859758914e8
1.3856918628031244e11	1.551764405122025e8
1.39905031413729e11	1.6266287792401013e8
1.4125375446227554e11	1.7050709948107335e8
1.4261547957260086e11	1.787260092789273e8
1.4399033208816327e11	1.8733730775316387e8
1.4537843856076605e11	1.9635951727722293e8
1.4677992676220737e11	2.058120232425919e8
1.481949256960388e11	2.157151105315088e8
1.4962356560944357e11	2.260900074922808e8
1.510659780052231e11	2.3695892838024402e8
1.5252229565390198e11	2.4834511700106013e8
1.539926526059492e11	2.602728977440174e8
1.5547718420411728e11	2.7276771797545165e8
1.569760270959001e11	2.8585620421013606e8
1.5848931924611108e11	2.995662134858392e8
1.6001719994958246e11	3.1392688944423836e8
1.6155980984398697e11	3.2896872056733143e8
1.6311729092278397e11	3.447236009154389e8
1.646897865482869e11	3.612248935549568e8
1.6627744146486334e11	3.785074967671251e8
1.678804018122559e11	3.9660791270997125e8
1.6949881513903513e11	4.155643203044768e8
1.7113283041617847e11	4.3541665421927154e8
1.7278259805078662e11	4.562066660205842e8
1.744482698999256e11	4.77978033479425e8
1.7612999928460526e11	5.0077642703291285e8
1.7782794100389227e11	5.246496027661251e8
1.7954225134915903e11	5.496474961486794e8
1.8127308811846967e11	5.758223188527768e8
1.8302061063110532e11	6.032286599092875e8
1.847849797422287e11	6.319235899588623e8
1.8656635785769073e11	6.619667776604824e8
1.883649089489802e11	6.93420588464259e8
1.9018079856831396e11	7.263502226270362e8
1.920141938638801e11	7.608238293109955e8
1.9386526359522058e11	7.96912639468555e8
1.9573417814876657e11	8.346910963015267e8
1.9762110955351904e11	8.742370030596138e8
1.9952623149688828e11	9.156316647726598e8
2.0144971934067834e11	9.589600423182491e8
2.033917501372293e11	1.0043109122312548e9
2.053525026457146e11	1.0517770316516571e9
2.073321573485954e11	1.1014553114652913e9
2.0933089646823346e11	1.1534469961483207e9
2.1134890398366434e11	1.207857851811928e9
2.1338636564753217e11	1.264798359267281e9
2.1544346900318777e11	1.3243839169465685e9
2.1752040340195245e11	1.3867350485957515e9
2.1961736002054367e11	1.451977633965555e9
2.2173453187867786e11	1.5202431189305744e9
2.2387211385683377e11	1.591668769236607e9
2.2603030271419263e11	1.6663979138452044e9
2.2820929710674554e11	1.7445801898541498e9
2.3040929760558493e11	1.8263718251025808e9
2.3263050671536285e11	1.911935908736536e9
2.3487312889293204e11	2.00144267439162e9
2.3713737056616553e11	2.0950698074052522e9
2.3942344015295804e11	2.1930027503842883e9
2.4173154808041013e11	2.295435028823944e9
2.4406190680419763e11	2.4025683784087706e9
2.4641473082812762e11	2.5146139171148047e9
2.4879023672388297e11	2.631791281497305e9
2.5118864315095822e11	2.7543298147604475e9
2.5361017087678268e11	2.8824687442181816e9
2.5605504279704755e11	3.0164575867111044e9
2.5852348395621887e11	3.15655658911106e9
2.610157215682544e11	3.30303714201254e9
2.6353198503751385e11	3.456182207984924e9
2.660725059798814e11	3.6162868414611034e9
2.6863751824408105e11	3.7836586267593875e9
2.7122725793320297e11	3.958618190645744e9
2.7384196342643613e11	4.1414997186294365e9
2.7648187540101056e11	4.332650804200971e9
2.791472368543512e11	4.532435726296454e9
2.8183829312644495e11	4.741231982513878e9
2.845552919224238e11	4.959433537409034e9
2.8729848333536566e11	5.187450782290902e9
2.900681198693156e11	5.425711163408259e9
2.9286445646252374e11	5.674659872697541e9
2.956877505109187e11	5.934760375119969e9
2.985382618917957e11	6.206495319314583e9
3.014162529877398e11	6.490367104098723e9
3.043219887107728e11	6.786898679880527e9
3.072557365267452e11	7.09663425233606e9
3.1021776647995044e11	7.420140146498734e9
3.132083512179837e11	7.758005529510183e9
3.1622776601683795e11	8.110843295252578e9
3.192762888062425e11	8.479290911941006e9
3.223542001952459e11	8.864011274391628e9
3.2546178349804535e11	9.265693603415436e9
3.2859932476006476e11	9.685054391384937e9
3.317671127842848e11	1.0122838361953356e10
3.3496543915782794e11	1.0579819407803854e10
3.3819459827879254e11	1.1056801539124485e10
3.4145488738336005e11	1.1554619957104454e10
3.447466065731491e11	1.2074142110509367e10
3.4807005884284204e11	1.2616268639097767e10
3.5142555010806915e11	1.318193466632561e10
3.5481338923357605e11	1.3772110691988392e10
3.582338880616481e11	1.4387803813202616e10
3.616873614408161e11	1.5030058774964725e10
3.651741272548377e11	1.5699959255132343e10
3.6869450645195734e11	1.6398629298477009e10
3.7224882307444904e11	1.7127234834627842e10
3.7583740428844354e11	1.7886979588291058e10
3.794605804140434e11	1.867911629541963e10
3.831186849557277e11	1.9504940500672966e10
3.868120546330525e11	2.0365793855165974e10
3.905410294116381e11	2.126306509242637e10
3.94305952534472e11	2.219819142682612e10
3.9810717055349695e11	2.317265966143224e10
4.019450333615136e11	2.418800696408231e10
4.0581989422438074e11	2.5245823780036823e10
4.097321098135422e11	2.6347752457607025e10
4.1368204023885114e11	2.7495489906602676e10
4.1767004908171906e11	2.8690788408819504e10
4.216965034285823e11	2.9935456547150894e10
4.257617739046915e11	3.1231360646351418e10
4.2986623470822723e11	3.258042510045151e10
4.340102636447431e11	3.398463365201257e10
4.3819424216194275e11	3.544602925371718e10
4.424185553847905e11	3.696671766677371e10
4.466835921509635e11	3.854886413181961e10
4.509897450466355e11	4.019469738603355e10
4.553374104426248e11	4.190650658349786e10
4.597269885308718e11	4.36866443906934e10
4.641588833612792e11	4.553752669365788e10
4.6863350287889636e11	4.7461630620617455e10
4.7315125896148126e11	4.9461497504969795e10
4.7771256745740485e11	5.153972942289904e10
4.823178482239309e11	5.3698988337203606e10
4.869675251658631e11	5.594200061729723e10
4.916620262745641e11	5.827154846738528e10
4.964017836673511e11	6.0690472180251724e10
5.011872336272715e11	6.320166654090993e10
5.060188166432613e11	6.580808237394009e10
5.108969774506914e11	6.8512720517044754e10
5.158221650723061e11	7.131862792676833e10
5.207948328595465e11	7.422889248367812e10
5.258154385342927e11	7.724665065976842e10
5.308844442309879e11	8.037506760912543e10
5.3600231653918066e11	8.361734215134296e10
5.4116952654646484e11	8.69766957740796e10
5.463865498818551e11	9.045636519878918e10
5.516538667595586e11	9.405959614291292e10
5.569719620231798e11	9.778964198606537e10
5.623413251903491e11	1.0164973960939127e11
5.677624504977816e11	1.0564311074188977e11
5.732358369467708e11	1.0977295091356429e11
5.787619883491198e11	1.1404240871046812e11
5.843414133735164e11	1.1845457792210506e11
5.899746255923547e11	1.2301249073440419e11
5.95662143529011e11	1.2771906994420279e11
6.014044907055618e11	1.3257714501231699e11
6.072021956909884e11	1.3758941831358444e11
6.130557921498202e11	1.4275844090675052e11
6.189658188912622e11	1.480865984981136e11
6.249328199187811e11	1.5357606222043164e11
6.309573444801943e11	1.5922879047012503e11
6.37039947118217e11	1.6504647129524466e11
6.431811877215092e11	1.7103051209925467e11
6.493816315762113e11	1.7718198181295892e11
6.556418494179785e11	1.8350156871707285e11
6.619624174845145e11	1.8998957381272177e11
6.683439175686135e11	1.966458378625744e11
6.747869370717123e11	2.0346968439509442e11
6.812920690579595e11	2.1045986763306467e11
6.878599123088081e11	2.1761452639446182e11
6.944910713781215e11	2.2493110669747165e11
7.011861566478363e11	2.3240628424852344e11
7.079457843841373e11	2.4003599129608685e11
7.147705767941875e11	2.4781512116556143e11
7.216611620833898e11	2.5573762521438034e11
7.286181745132289e11	2.637963676772942e11
7.356422544596421e11	2.719830381451928e11
7.427340484719673e11	2.802880051348019e11
7.498942093324558e11	2.8870020361483093e11
7.571233961163601e11	2.9720705898610693e11
7.644222742525994e11	3.057943199694395e11
7.717915155850111e11	3.1444585661778235e11
7.792317984341924e11	3.2314365642335315e11
7.867438076599377e11	3.318675369534183e11
7.943282347242821e11	3.405949390858012e11
8.019857777551353e11	3.493007713606232e11
8.097171416105618e11	3.579571506059784e11
8.175230379436493e11	3.6653346600540955e11
8.254041852680206e11	3.7499576248943286e11
8.333613090239576e11	3.8330667984497125e11
8.413951416451964e11	3.914251194020551e11
8.49506422626333e11	3.993059451755774e11
8.576958985908945e11	4.068998174156026e11
8.659643233600653e11	4.141525898378134e11
8.743124580220731e11	4.2100504173537354e11
8.827410710022461e11	4.273928632102461e11
8.91250938133744e11	4.332453867916776e11
8.998428427289725e11	4.3848617568765027e11
9.085175756516843e11	4.4303175320286523e11
9.172759353897804e11	4.467915664125555e11
9.261187281287937e11	4.496669548094973e11
9.350467678261195e11	4.51551145588443e11
9.440608762859226e11	4.523283819055207e11
9.531618832347902e11	4.518730377210687e11
9.623506263980907e11	4.50049386144277e11
9.716279515771078e11	4.467102639698568e11
9.809947127268784e11	4.416966184223522e11
9.904517720348015e11	4.3483679834179236e11
1.e12	4.259448871635567e11