1.e7	0.
1.0096402755134482e7	0.
1.0193734859388737e7	0.
1.0292005271944286e7	0.
1.039122303835169e7	0.
1.049139729136309e7	0.
1.0592537251772897e7	0.
1.0694652229266452e7	0.
1.0797751623277094e7	0.
1.0901844923851268e7	0.
1.1006941712522103e7	0.
1.1113051663191281e7	0.
1.122018454301963e7	0.
1.1328350213326072e7	0.
1.1437558630495388e7	0.
1.154781984689458e7	0.
1.1659144011798311e7	0.
1.177154137232304e7	0.
1.188502227437019e7	0.
1.1999597163578587e7	0.
1.2115276586285876e7	0.
1.2232071190499326e7	0.
1.234999172687585e7	0.
1.2469049049711742e7	0.
1.2589254117941663e7	0.
1.2710617996147458e7	0.
1.2833151855576513e7	0.
1.295686697517019e7	0.
1.308177474260193e7	0.
1.3207886655325506e7	0.
1.333521432163324e7	0.
1.3463769461724665e7	0.
1.3593563908785269e7	0.
1.3724609610075625e7	0.
1.3856918628031274e7	0.
1.3990503141372928e7	0.
1.4125375446227554e7	0.
1.4261547957260085e7	0.
1.4399033208816327e7	0.
1.4537843856076606e7	0.
1.4677992676220706e7	0.
1.4819492569603847e7	0.
1.4962356560944328e7	0.
1.510659780052228e7	0.
1.5252229565390198e7	0.
1.539926526059492e7	0.
1.5547718420411726e7	0.
1.5697602709590042e7	0.
1.5848931924611142e7	0.
1.6001719994958278e7	0.
1.6155980984398728e7	0.
1.6311729092278397e7	0.
1.6468978654828688e7	0.
1.6627744146486335e7	0.
1.678804018122559e7	0.
1.6949881513903476e7	0.
1.711328304161781e7	0.
1.7278259805078626e7	0.
1.744482698999252e7	0.
1.7612999928460523e7	0.
1.7782794100389227e7	0.
1.7954225134915903e7	0.
1.8127308811846968e7	0.
1.8302061063110568e7	0.
1.8478497974222906e7	0.
1.865663578576911e7	0.
1.883649089489802e7	0.
1.9018079856831398e7	0.
1.920141938638801e7	0.
1.9386526359522056e7	0.
1.9573417814876616e7	0.
1.9762110955351863e7	0.
1.9952623149688788e7	0.
2.0144971934067793e7	0.
2.033917501372293e7	0.
2.053525026457146e7	0.
2.073321573485954e7	0.
2.0933089646823347e7	0.
2.1134890398366477e7	0.
2.133863656475326e7	0.
2.1544346900318824e7	1.786362986627847e-308
2.1752040340195246e7	1.439286597899035e-305
2.1961736002054367e7	1.071390014695909e-302
2.2173453187867787e7	7.48931934002241e-300
2.2387211385683376e7	4.919207734166891e-297
2.2603030271419216e7	3.0378424703228953e-294
2.282092971067451e7	1.764856144236904e-291
2.3040929760558445e7	9.65120565461543e-289
2.3263050671536237e7	4.970885842333402e-286
2.34873128892932e7	2.412766527475235e-283
2.3713737056616552e7	1.104264259515084e-280
2.3942344015295804e7	4.7681671106989316e-278
2.4173154808041014e7	1.9435370094923075e-275
2.4406190680419814e7	7.482330264400726e-273
2.4641473082812812e7	2.722206941834209e-270
2.4879023672388345e7	9.364418147680532e-268
2.5118864315095823e7	3.047535476194333e-265
2.536101708767827e7	9.387624500632094e-263
2.5605504279704753e7	2.7386090466973238e-260
2.5852348395621885e7	7.5700363137602365e-258
2.6101572156825386e7	1.9837342725502658e-255
2.635319850375133e7	4.930698889127421e-253
2.6607250597988084e7	1.1630345290893e-250
2.686375182440805e7	2.6046743798626458e-248
2.71227257933203e7	5.541233122842623e-246
2.738419634264361e7	1.1203788982736422e-243
2.764818754010106e7	2.1539728674957783e-241
2.791472368543512e7	3.939504400741907e-239
2.818382931264455e7	6.857664299804202e-237
2.845552919224244e7	1.1367090841116656e-234
2.872984833353663e7	1.7949986927470966e-232
2.900681198693156e7	2.7016052338792727e-230
2.928644564625237e7	3.8772328874101654e-228
2.9568775051091872e7	5.3083738705605136e-226
2.9853826189179573e7	6.936432941897948e-224
3.0141625298773922e7	8.654450967872258e-222
3.043219887107722e7	1.0314856354084096e-219
3.0725573652674455e7	1.1748894863219867e-217
3.102177664799498e7	1.279466804364934e-215
3.132083512179837e7	1.3327398489441274e-213
3.162277660168379e7	1.328404943986567e-211
3.192762888062425e7	1.267555326208438e-209
3.2235420019524593e7	1.1583386436260755e-207
3.2546178349804603e7	1.0141809237583633e-205
3.285993247600654e7	8.511066123794661e-204
3.3176711278428547e7	6.848836191892551e-202
3.3496543915782794e7	5.286738616332061e-200
3.381945982787926e7	3.916241138688215e-198
3.4145488738336004e7	2.785044631506577e-196
3.447466065731491e7	1.902151126688621e-194
3.480700588428413e7	1.248174640477843e-192
3.514255501080684e7	7.872069271434476e-191
3.548133892335753e7	4.773641739446114e-189
3.582338880616481e7	2.7843297505942057e-187
3.616873614408161e7	1.5626526380966076e-185
3.651741272548377e7	8.441791583519035e-184
3.686945064519574e7	4.391320391695866e-182
3.72248823074449e7	2.200393520150011e-180
3.758374042884443e7	1.0624420121352921e-178
3.794605804140442e7	4.944964580350015e-177
3.831186849557285e7	2.2193518574270178e-175
3.868120546330525e7	9.608258134397138e-174
3.905410294116381e7	4.013911073918052e-172
3.94305952534472e7	1.618613077970002e-170
3.981071705534969e7	6.302556901559405e-169
4.019450333615128e7	2.3704661430563224e-167
4.058198942243799e7	8.614645762895761e-166
4.097321098135413e7	3.0260063842888647e-164
4.1368204023885116e7	1.0277126712012574e-162
4.176700490817191e7	3.3758442345336016e-161
4.2169650342858225e7	1.0728522994304021e-159
4.2576177390469156e7	3.2997499839598078e-158
4.298662347082272e7	9.825193359109891e-157
4.34010263644744e7	2.833050171849454e-155
4.381942421619436e7	7.913222061998149e-154
4.424185553847914e7	2.1417557446842217e-152
4.466835921509635e7	5.6186806131680964e-151
4.509897450466355e7	1.429142866482986e-149
4.553374104426248e7	3.525507861177516e-148
4.597269885308718e7	8.437214683574552e-147
4.641588833612782e7	1.959446033447408e-145
4.686335028788954e7	4.4172149971178805e-144
4.7315125896148026e7	9.668694562175413e-143
4.777125674574048e7	2.0554792268947893e-141
4.823178482239309e7	4.245266987392064e-140
4.869675251658631e7	8.520462294600048e-139
4.9166202627456404e7	1.6622868717369547e-137
4.964017836673511e7	3.15319451191216e-136
5.011872336272725e7	5.817196178178223e-135
5.0601881664326236e7	1.0440226115723471e-133
5.108969774506924e7	1.823279871334165e-132
5.158221650723061e7	3.0992521864793694e-131
5.207948328595465e7	5.128997367498484e-130
5.258154385342927e7	8.26591222779924e-129
5.3088444423098795e7	1.2976022071004512e-127
5.360023165391796e7	1.9846937945409775e-126
5.4116952654646374e7	2.9583819403739205e-125
5.46386549881854e7	4.29863321305269e-124
5.516538667595586e7	6.090144012780397e-123
5.569719620231798e7	8.414927252645063e-122
5.623413251903491e7	1.1342333476235707e-120
5.677624504977816e7	1.491716618231703e-119
5.732358369467708e7	1.9147133558338954e-118
5.787619883491209e7	2.3991390231502695e-117
5.8434141337351754e7	2.935222329578907e-116
5.8997462559235595e7	3.5071901516906063e-115
5.956621435290109e7	4.093626261376237e-114
6.014044907055618e7	4.66857724162019e-113
6.072021956909884e7	5.203366091360576e-112
6.130557921498202e7	5.668951916973375e-111
6.18965818891261e7	6.038567143633176e-110
6.249328199187798e7	6.29029545168499e-109
6.3095734448019296e7	6.409241037404187e-108
6.37039947118217e7	6.388988391590842e-107
6.431811877215091e7	6.232153995984242e-106
6.493816315762113e7	5.9499679075090806e-105
6.556418494179785e7	5.560967717553567e-104
6.619624174845146e7	5.089012483898307e-103
6.6834391756861486e7	4.56090788261782e-102
6.747869370717137e7	4.003963857355333e-101
6.812920690579608e7	3.44378205476112e-100
6.878599123088081e7	2.902502590493416e-99
6.944910713781214e7	2.3976456530837492e-98
7.011861566478363e7	1.9415831231436852e-97
7.079457843841374e7	1.5415867589525237e-96
7.147705767941861e7	1.2003352307437536e-95
7.216611620833883e7	9.167281376653532e-95
7.286181745132273e7	6.868502419955541e-94
7.356422544596422e7	5.0494762284652565e-93
7.427340484719673e7	3.643107050363221e-92
7.498942093324558e7	2.579981861266679e-91
7.571233961163601e7	1.7937319543626716e-90
7.644222742525995e7	1.2245342302358432e-89
7.717915155850127e7	8.209796653364917e-89
7.79231798434194e7	5.406507749054275e-88
7.867438076599394e7	3.497827422409001e-87
7.943282347242822e7	2.2235684289761077e-86
8.019857777551351e7	1.3891397738559147e-85
8.097171416105618e7	8.53015219399036e-85
8.175230379436493e7	5.149373264085314e-84
8.25404185268019e7	3.0563945838388262e-83
8.333613090239559e7	1.7839880553923876e-82
8.413951416451947e7	1.0241682030530582e-81
8.49506422626333e7	5.783838401835465e-81
8.576958985908946e7	3.2136203162671754e-80
8.659643233600654e7	1.757008719827767e-79
8.743124580220732e7	9.454116555909002e-79
8.82741071002246e7	5.007278855549176e-78
8.91250938133746e7	2.6108496968653213e-77
8.998428427289744e7	1.3403742710851718e-76
9.085175756516862e7	6.776393968982486e-76
9.172759353897804e7	3.3741406674591003e-75
9.261187281287937e7	1.6549417297110828e-74
9.350467678261195e7	7.996862460670502e-74
9.440608762859227e7	3.80746358947272e-73
9.531618832347882e7	1.7864560214127614e-72
9.623506263980888e7	8.261330154409366e-72
9.716279515771058e7	3.7658998687061655e-71
9.809947127268784e7	1.6924201475890138e-70
9.904517720348015e7	7.499410966946038e-70
1.e8	3.277057227706568e-69
1.0096402755134483e8	1.412331359531405e-68
1.0193734859388717e8	6.004020008828022e-68
1.0292005271944265e8	2.5180091930093438e-67
1.0391223038351668e8	1.0419294221911604e-66
1.0491397291363113e8	4.25442354994306e-66
1.0592537251772897e8	1.7144296439628614e-65
1.0694652229266451e8	6.819141390332011e-65
1.0797751623277093e8	2.6774714537999575e-64
1.0901844923851268e8	1.0379075088374714e-63
1.100694171252208e8	3.9726849242664375e-63
1.1113051663191305e8	1.5015982739743726e-62
1.1220184543019652e8	5.605567313285987e-62
1.1328350213326095e8	2.0669647188997614e-61
1.1437558630495389e8	7.529137856460552e-61
1.1547819846894582e8	2.70960917220234e-60
1.165914401179831e8	9.635346125268896e-60
1.1771541372323017e8	3.3859209289102124e-59
1.1885022274370165e8	1.1759374403445577e-58
1.1999597163578562e8	4.036808596438949e-58
1.2115276586285901e8	1.3698934405389715e-57
1.2232071190499325e8	4.595976460232447e-57
1.2349991726875852e8	1.5246088038127114e-56
1.2469049049711742e8	5.001214176672291e-56
1.2589254117941661e8	1.622464575437632e-55
1.2710617996147431e8	5.20599354656497e-55
1.2833151855576539e8	1.652365480697145e-54
1.2956866975170216e8	5.18833137398177e-54
1.3081774742601955e8	1.6118068260600087e-53
1.3207886655325507e8	4.954571807454124e-53
1.333521432163324e8	1.5071304792015765e-52
1.3463769461724666e8	4.537226774275096e-52
1.3593563908785242e8	1.3519727266939236e-51
1.3724609610075596e8	3.9877293858239656e-51
1.3856918628031245e8	1.16440970221289e-50
1.3990503141372958e8	3.3662783433937585e-50
1.4125375446227553e8	9.636061969795075e-50
1.4261547957260084e8	2.731463403025166e-49
1.4399033208816326e8	7.667926188095628e-49
1.4537843856076607e8	2.1320005098061944e-48
1.4677992676220676e8	5.871691780439597e-48
1.4819492569603878e8	1.601935788358899e-47
1.4962356560944358e8	4.329839816243061e-47
1.5106597800522313e8	1.1595300791773167e-46
1.5252229565390196e8	3.0769036215163112e-46
1.539926526059492e8	8.09105784591288e-46
1.5547718420411727e8	2.1085978054108035e-45
1.569760270959001e8	5.4464855687716914e-45
1.584893192461111e8	1.3944723368077093e-44
1.6001719994958246e8	3.5392465012253e-44
1.615598098439876e8	8.905435355416958e-44
1.6311729092278397e8	2.2216654595799875e-43
1.6468978654828689e8	5.495620300760211e-43
1.6627744146486336e8	1.348044935090765e-42
1.678804018122559e8	3.27926354954301e-42
1.6949881513903442e8	7.911647933833728e-42
1.7113283041617846e8	1.8932602162641667e-41
1.727825980507866e8	4.494072855582168e-41
1.744482698999256e8	1.0582535827547894e-40
1.7612999928460523e8	2.4722495131265846e-40
1.7782794100389227e8	5.730341750221101e-40
1.7954225134915903e8	1.3179133594800875e-39
1.812730881184697e8	3.007761815752362e-39
1.830206106311053e8	6.812116855581045e-39
1.847849797422287e8	1.5312084603344013e-38
1.865663578576915e8	3.4161060734880383e-38
1.883649089489802e8	7.564915570902876e-38
1.9018079856831396e8	1.6629651587826974e-37
1.920141938638801e8	3.6290994077973274e-37
1.9386526359522057e8	7.86287295841719e-37
1.9573417814876577e8	1.6914535470024527e-36
1.9762110955351904e8	3.612973444514868e-36
1.9952623149688828e8	7.663453289551996e-36
2.0144971934067833e8	1.6142403635882756e-35
2.033917501372293e8	3.376948575481217e-35
2.053525026457146e8	7.016517090907327e-35
2.073321573485954e8	1.4480637742269898e-34
2.0933089646823347e8	2.9685922405813463e-34
2.1134890398366433e8	6.045576098384662e-34
2.1338636564753217e8	1.223140608009725e-33
2.1544346900318867e8	2.4586325473174946e-33
2.1752040340195245e8	4.910391930393982e-33
2.1961736002054366e8	9.744744578763657e-33
2.2173453187867785e8	1.921687488254465e-32
2.238721138568338e8	3.7659889289576376e-32
2.260303027141917e8	7.334744898690743e-32
2.2820929710674554e8	1.419796702016493e-31
2.3040929760558495e8	2.7316667552197317e-31
2.3263050671536288e8	5.224138273980575e-31
2.3487312889293203e8	9.931429121493352e-31
2.3713737056616554e8	1.87691012189588e-30
2.3942344015295804e8	3.5264206880699195e-30
2.4173154808041012e8	6.587304152302597e-30
2.4406190680419764e8	1.2234551894766805e-29
2.4641473082812762e8	2.259429255579007e-29
2.48790236723884e8	4.149187908992588e-29
2.511886431509582e8	7.577121574691942e-29
2.536101708767827e8	1.3760844917855116e-28
2.5605504279704756e8	2.485468789649112e-28
2.5852348395621887e8	4.464947456964278e-28
2.610157215682533e8	7.9779526621002665e-28
2.6353198503751385e8	1.4179327891853039e-27
2.660725059798814e8	2.506863775291778e-27
2.686375182440811e8	4.408981965268074e-27
2.71227257933203e8	7.714358173151056e-27
2.738419634264361e8	1.3428773485366487e-26
2.764818754010106e8	2.325781697151874e-26
2.7914723685435116e8	4.007913824143396e-26
2.8183829312644494e8	6.872348931696687e-26
2.8455529192242384e8	1.1725997687023456e-25
2.8729848333536685e8	1.991005039822686e-25
2.900681198693156e8	3.3642855458402482e-25
2.9286445646252376e8	5.657584693634584e-25
2.9568775051091874e8	9.469054138421432e-25
2.985382618917957e8	1.5773892037379752e-24
3.014162529877386e8	2.615453945930398e-24
3.043219887107729e8	4.316684154271406e-24
3.072557365267452e8	7.091976728210663e-24
3.102177664799504e8	1.1598900724917806e-23
3.132083512179837e8	1.888501566152074e-23
3.1622776601683795e8	3.061168003490422e-23
3.1927628880624247e8	4.940198643596645e-23
3.223542001952459e8	7.93792604120271e-23
3.254617834980453e8	1.2699682377862052e-22
3.285993247600647e8	2.02310982973884e-22
3.3176711278428614e8	3.209255520554823e-22
3.349654391578279e8	5.0694944092921665e-22
3.3819459827879256e8	7.97476012231055e-22
3.414548873833601e8	1.249338684790005e-21
3.447466065731491e8	1.9492570584806824e-21
3.480700588428406e8	3.0290123337820136e-21
3.514255501080691e8	4.6880522016377555e-21
3.5481338923357606e8	7.22702611663594e-21
3.582338880616481e8	1.1097336648081817e-20
3.616873614408161e8	1.6974065017808695e-20
3.651741272548377e8	2.5862874229158368e-20
3.6869450645195735e8	3.925610940316173e-20
3.72248823074449e8	5.935985524030698e-20
3.7583740428844357e8	8.942294062703262e-20
3.7946058041404337e8	1.3421185600124176e-19
3.831186849557293e8	2.0069371997193661e-19
3.8681205463305247e8	2.9901478110857946e-19
3.905410294116381e8	4.438971713233454e-19
3.94305952534472e8	6.566254075011755e-19
3.981071705534969e8	9.67861429224762e-19
4.0194503336151195e8	1.42161944667643e-18
4.0581989422438073e8	2.0808585258383375e-18
4.097321098135422e8	3.035323656031927e-18
4.1368204023885113e8	4.412501014370786e-18
4.1767004908171904e8	6.392871487258778e-18
4.2169650342858225e8	9.23107630808288e-18
4.257617739046915e8	1.3285186934219401e-17
4.298662347082272e8	1.9057046632813164e-17
4.3401026364474314e8	2.7247687314307994e-17
4.381942421619427e8	3.883320496598323e-17
4.424185553847923e8	5.5168308527844715e-17
4.466835921509635e8	7.812718006933119e-17
4.509897450466355e8	1.1029447926682599e-16
4.5533741044262487e8	1.5522352490261302e-16
4.597269885308718e8	2.1778418862944837e-16
4.641588833612773e8	3.0463022293556767e-16
4.6863350287889636e8	4.248251022341421e-16
4.731512589614813e8	5.906776010099648e-16
4.777125674574048e8	8.188540484703207e-16
4.823178482239309e8	1.1318544732976179e-15
4.869675251658631e8	1.5599659289248385e-15
4.916620262745641e8	2.1438397307189806e-15
4.9640178366735107e8	2.9378820956473313e-15
5.011872336272715e8	4.0147021906217596e-15
5.060188166432613e8	5.47093090118942e-15
5.108969774506935e8	7.434811490665393e-15
5.158221650723061e8	1.007607438621254e-14
5.207948328595465e8	1.361874834503208e-14
5.2581543853429276e8	1.8357736284377257e-14
5.308844442309879e8	2.4680204769163572e-14
5.360023165391785e8	3.309311214221787e-14
5.411695265464648e8	4.4258544490821066e-14
5.463865498818551e8	5.903895681165893e-14
5.516538667595586e8	7.855494797276079e-14
5.569719620231798e8	1.0425885550807719e-13
5.623413251903491e8	1.3802826785289615e-13
5.677624504977816e8	1.8228455098302912e-13
5.732358369467708e8	2.401427139851043e-13
5.787619883491197e8	3.156004423126694e-13
5.843414133735163e8	4.137759663038426e-13
5.899746255923572e8	5.412066750464786e-13
5.956621435290109e8	7.062231140859507e-13
6.014044907055618e8	9.194163173682144e-13
6.072021956909884e8	1.1942204347521278e-12
6.130557921498202e8	1.5476374629446106e-12
6.189658188912597e8	2.0011367307221255e-12
6.249328199187812e8	2.5817688180372645e-12
6.309573444801943e8	3.3235420250714967e-12
6.37039947118217e8	4.269119611357076e-12
6.431811877215091e8	5.471908100199781e-12
6.493816315762113e8	6.998621343410763e-12
6.556418494179785e8	8.932422176799357e-12
6.619624174845146e8	1.1376763844728976e-11
6.683439175686135e8	1.4460077483904728e-11
6.747869370717123e8	1.8341480469275216e-11
6.812920690579622e8	2.3217714071983745e-11
6.878599123088082e8	2.933155850351265e-11
6.944910713781214e8	3.698201998787063e-11
7.011861566478363e8	4.653663911976877e-11
7.079457843841373e8	5.844633369234558e-11
7.147705767941846e8	7.326326384801899e-11
7.216611620833898e8	9.166229445010664e-11
7.286181745132289e8	1.1446673083648524e-10
7.356422544596422e8	1.426791216851737e-10
7.427340484719672e8	1.7751805894457248e-10
7.498942093324559e8	2.2046206230033312e-10
7.571233961163601e8	2.7330181742656415e-10
7.644222742525994e8	3.382022466127084e-10
7.717915155850111e8	4.1777613095990774e-10
7.792317984341924e8	5.151712793072156e-10
7.86743807659941e8	6.341735549294766e-10
7.943282347242821e8	7.793284318769523e-10
8.019857777551352e8	9.56084164150061e-10
8.097171416105617e8	1.1709601188126947e-9
8.175230379436493e8	1.4317443553290838e-9
8.254041852680173e8	1.747725135150005e-9
8.333613090239576e8	2.129961725818131e-9
8.413951416451964e8	2.591600631220524e-9
8.49506422626333e8	3.148244243410286e-9
8.576958985908946e8	3.818400010856808e-9
8.659643233600653e8	4.62387827199545e-9
8.743124580220731e8	5.590571736433105e-9
8.82741071002246e8	6.748923719031518e-9
8.912509381337441e8	8.134802786548051e-9
8.998428427289726e8	9.790375921328028e-9
9.08517575651688e8	1.1765137785413036e-8
9.172759353897803e8	1.4117094694167603e-8
9.261187281287937e8	1.6914124310457393e-8
9.350467678261195e8	2.0235534573105493e-8
9.440608762859226e8	2.4173848123201885e-8
9.531618832347863e8	2.8836841506353527e-8
9.623506263980907e8	3.434987172627597e-8
9.716279515771078e8	4.085852632364501e-8
9.809947127268784e8	4.853163707270722e-8
9.904517720348015e8	5.7564701645585325e-8
1.e9	6.818376220996719e-8
1.0096402755134482e9	8.064979491891292e-8
1.0193734859388716e9	9.526366964133011e-8
1.0292005271944265e9	1.123717450874928e-7
1.0391223038351669e9	1.3237217072815738e-7
1.0491397291363113e9	1.557219735807847e-7
1.0592537251772897e9	1.8294501516679604e-7
1.0694652229266452e9	2.146409115078212e-7
1.0797751623277094e9	2.5149501730148547e-7
1.0901844923851268e9	2.942895840699691e-7
1.100694171252208e9	3.439162113560835e-7
1.1113051663191304e9	4.013897198785344e-7
1.1220184543019652e9	4.678635859965714e-7
1.1328350213326094e9	5.446470878986065e-7
1.1437558630495389e9	6.332243256455672e-7
1.1547819846894581e9	7.352752896024801e-7
1.165914401179831e9	8.52699164914244e-7
1.1771541372323017e9	9.87640073566741e-7
1.1885022274370165e9	1.1425154702700297e-6
1.1999597163578563e9	1.3200474239619815e-6
1.21152765862859e9	1.523297033223436e-6
1.2232071190499325e9	1.7557022413967061e-6
1.234999172687585e9	2.0211193358105897e-6
1.246904904971174e9	2.323868435221257e-6
1.258925411794166e9	2.6687832909627956e-6
1.2710617996147432e9	3.061265749450182e-6
1.283315185557654e9	3.5073450299879225e-6
1.2956866975170217e9	4.013743744130295e-6
1.3081774742601955e9	4.58794649809382e-6
1.3207886655325506e9	5.238279175732236e-6
1.333521432163324e9	5.973991750259703e-6
1.3463769461724665e9	6.805349734319939e-6
1.359356390878524e9	7.743733304013042e-6
1.3724609610075598e9	8.801744921490475e-6
1.3856918628031244e9	9.993326595333723e-6
1.3990503141372957e9	0.000011333888072044921
1.4125375446227555e9	0.000012840437753922652
1.4261547957260084e9	0.000014531738238158401
1.4399033208816326e9	0.00001642846376923293
1.4537843856076605e9	0.0000185533776484855
1.4677992676220675e9	0.00002093151592593553
1.481949256960388e9	0.000023590398363115487
1.496235656094436e9	0.00002656024191110468
1.510659780052231e9	0.000029874206983789495
1.5252229565390198e9	0.00003356864825928899
1.5399265260594919e9	0.000037683402689369885
1.5547718420411727e9	0.000042262085913210705
1.569760270959001e9	0.00004735242035783441
1.5848931924611108e9	0.000053006597147878055
1.6001719994958246e9	0.00005928164302246924
1.615598098439876e9	0.00006623986109201293
1.6311729092278397e9	0.00007394925477777064
1.646897865482869e9	0.00008248403408843798
1.6627744146486335e9	0.00009192514037036087
1.6788040181225588e9	0.00010236080225857075
1.6949881513903444e9	0.00011388719515603267
1.7113283041617844e9	0.00012660907309912123
1.7278259805078661e9	0.00014064053045335613
1.744482698999256e9	0.00015610579425547812
1.7612999928460524e9	0.00017314005145357484
1.7782794100389228e9	0.00019189045713834612
1.7954225134915903e9	0.00021251708947492415
1.812730881184697e9	0.0002351940688832586
1.830206106311053e9	0.0002601108118964519
1.847849797422287e9	0.0002874732660045511
1.8656635785769148e9	0.00031750538929284394
1.8836490894898021e9	0.00035045069794425863
1.9018079856831396e9	0.00038657388222199286
1.920141938638801e9	0.0004261627497428001
1.9386526359522057e9	0.0004695301512691556
1.9573417814876575e9	0.0005170160848851262
1.9762110955351903e9	0.000568990228168766
1.9952623149688828e9	0.0006258543645290074
2.0144971934067833e9	0.0006880451099258977
2.033917501372293e9	0.0007560371768269281
2.0535250264571462e9	0.0008303464694161697
2.073321573485954e9	0.0009115335986152756
2.0933089646823347e9	0.001000208040432409
2.1134890398366432e9	0.0010970321289320594
2.1338636564753218e9	0.001202725574076588
2.1544346900318866e9	0.001318070657900542
2.1752040340195246e9	0.0014439174833740442
2.1961736002054367e9	0.0015811897340053376
2.2173453187867785e9	0.00173089100830259
2.238721138568338e9	0.001894111935231754
2.260303027141917e9	0.002072037251635849
2.2820929710674553e9	0.002265953613807558
2.3040929760558496e9	0.0024772591091720975
2.326305067153629e9	0.0027074718068166434
2.3487312889293203e9	0.00295823997967995
2.3713737056616554e9	0.0032313533517857253
2.39423440152958e9	0.0035287548755595847
2.4173154808041015e9	0.0038525532153552535
2.4406190680419765e9	0.004205035963852971
2.464147308281276e9	0.0045886859249772175
2.4879023672388396e9	0.005006195587790081
2.511886431509582e9	0.0054604848032608275
2.536101708767827e9	0.005954718636851337
2.5605504279704757e9	0.006492328801551352
2.5852348395621886e9	0.007077033203356002
2.6101572156825333e9	0.007712859344805839
2.6353198503751383e9	0.008404168815474275
2.660725059798814e9	0.00915568496440409
2.6863751824408107e9	0.009972519391788833
2.71227257933203e9	0.010860202791829879
2.7384196342643614e9	0.011824717406814133
2.7648187540101056e9	0.012872533680540863
2.791472368543512e9	0.01401064494833496
2.818382931264449e9	0.015246608653258765
2.8455529192242384e9	0.01658858763389982
2.8729848333536687e9	0.018045399974486204
2.9006811986931562e9	0.01962656307619595
2.9286445646252375e9	0.021342348873191478
2.956877505109187e9	0.023203835933522342
2.9853826189179573e9	0.025222975236106306
3.014162529877386e9	0.02741264914831337
3.0432198871077285e9	0.029786740464885837
3.072557365267452e9	0.032360203770998894
3.1021776647995043e9	0.035149142907440895
3.132083512179837e9	0.03817089834447677
3.1622776601683793e9	0.041444127234841484
3.1927628880624247e9	0.044988902442898784
3.2235420019524593e9	0.04882680610654228
3.2546178349804535e9	0.05298104244931589
3.2859932476006474e9	0.05747655016392515
3.3176711278428617e9	0.06234011641299266
3.3496543915782795e9	0.06760051106958469
3.3819459827879257e9	0.07328861408284208
3.4145488738336005e9	0.07943757019157696
3.447466065731491e9	0.08608294070965238
3.480700588428406e9	0.09326285878177536
3.5142555010806913e9	0.10101821206906147
3.5481338923357606e9	0.10939281669513296
3.5823388806164804e9	0.11843362010530753
3.616873614408161e9	0.12819091609513936
3.651741272548377e9	0.13871854919226875
3.686945064519573e9	0.15007415925039694
3.72248823074449e9	0.1623194255164861
3.7583740428844357e9	0.17552032170382786
3.794605804140434e9	0.18974742047702903
3.831186849557293e9	0.2050761708267679
3.868120546330525e9	0.22158720861380643
3.905410294116381e9	0.23936670414228745
3.94305952534472e9	0.25850669953803435
3.9810717055349693e9	0.2791054829983838
4.0194503336151195e9	0.3012680142945077
4.0581989422438073e9	0.32510631400044815
4.0973210981354218e9	0.3507399098648217
4.136820402388511e9	0.3782963251587997
4.17670049081719e9	0.4079115577669313
4.2169650342858224e9	0.4397306036218891
4.2576177390469155e9	0.4739080580770196
4.298662347082273e9	0.5106086710714456
4.340102636447432e9	0.5500079676540538
4.381942421619428e9	0.5922929333481668
4.424185553847923e9	0.6376627017175254
4.466835921509635e9	0.6863292791372949
4.509897450466355e9	0.7385183578180007
4.553374104426249e9	0.79447015722734
4.597269885308718e9	0.8544402617023488
4.641588833612773e9	0.9187005521916255
4.686335028788963e9	0.9875402172888246
4.731512589614813e9	1.061266758450118
4.777125674574048e9	1.140207072446306
4.823178482239309e9	1.224708650634692
4.869675251658631e9	1.3151408097918105
4.916620262745641e9	1.4118959380866094
4.964017836673511e9	1.5153908621387515
5.011872336272715e9	1.6260683298436744
5.060188166432613e9	1.744398504973345
5.108969774506935e9	1.8708805611598194
5.158221650723061e9	2.006044378590745
5.207948328595465e9	2.150452430665252
5.258154385342927e9	2.304701591412252
5.308844442309879e9	2.4694251360830872
5.360023165391785e9	2.6452948581635582
5.411695265464648e9	2.8330233473691386
5.463865498818551e9	3.0333662906513803
5.516538667595586e9	3.2471249504778754
5.569719620231798e9	3.4751487781873958
5.623413251903491e9	3.718338305317345
5.677624504977817e9	3.9776479485727623
5.732358369467708e9	4.254089092655343
5.787619883491197e9	4.548733331872107
5.843414133735163e9	4.8627159659052035
5.899746255923572e9	5.197239577484513
5.95662143529011e9	5.553577825426397
6.014044907055617e9	5.933079449001223
6.0720219569098835e9	6.337172568526563
6.130557921498202e9	6.767369241929675
6.189658188912597e9	7.2252700525319815
6.249328199187811e9	7.712569106163664
6.309573444801943e9	8.23105926399103
6.37039947118217e9	8.782637758357414
6.431811877215091e9	9.36931198933994
6.493816315762114e9	9.993205638799411
6.556418494179785e9	10.656565150506545
6.619624174845145e9	11.361766525048976
6.683439175686135e9	12.111322743212918
6.747869370717123e9	12.90789120410096
6.812920690579622e9	13.754281695578324
6.878599123088081e9	14.653464837520016
6.944910713781214e9	15.608580943870448
7.011861566478363e9	16.622949504039806
7.079457843841373e9	17.700078979577185
7.147705767941846e9	18.84367716329129
7.216611620833899e9	20.057662132619605
7.286181745132289e9	21.346173734329124
7.356422544596421e9	22.7135858775851
7.427340484719672e9	24.16451942151591
7.498942093324558e9	25.703855450921182
7.571233961163601e9	27.33674952204049
7.644222742525994e9	29.06864662059242
7.717915155850112e9	30.90529688562692
7.792317984341925e9	32.852772366057906
7.86743807659941e9	34.9174843969372
7.943282347242822e9	37.10620196064739
8.019857777551352e9	39.42607107361318
8.097171416105618e9	41.88463516805737
8.175230379436493e9	44.48985650055134
8.254041852680173e9	47.250139164548514
8.333613090239576e9	50.174352643546605
8.413951416451964e9	53.27185681694819
8.4950642262633295e9	56.552528386446426
8.576958985908946e9	60.02678865663478
8.659643233600653e9	63.705632737779915
8.743124580220732e9	67.60066047267046
8.82741071002246e9	71.72410885747514
8.91250938133744e9	76.08888600667197
8.998428427289726e9	80.70860707934526
9.08517575651688e9	85.59763205400633
9.172759353897804e9	90.77110545922454
9.261187281287937e9	96.24499810901118
9.350467678261196e9	102.03615165149415
9.440608762859226e9	108.16232459878384
9.531618832347862e9	114.64224096333861
9.623506263980907e9	121.49564161522264
9.716279515771078e9	128.74333826754227
9.809947127268784e9	136.4072702627538
9.904517720348015e9	144.51056426606704
1.e10	153.07759736708832
1.0096402755134481e10	162.13406318268468
1.0193734859388716e10	171.70704128384008
1.0292005271944265e10	181.82507043795624
1.039122303835167e10	192.51822561393436
1.0491397291363113e10	203.81819897309416
1.0592537251772898e10	215.75838502917796
1.069465222926645e10	228.37397014377297
1.0797751623277094e10	241.70202755712208
1.0901844923851267e10	255.7816159971671
1.1006941712522081e10	270.65388388744327
1.1113051663191305e10	286.3621790942065
1.1220184543019653e10	302.9521642914975
1.1328350213326096e10	320.4719382774824
1.1437558630495388e10	338.97216354404503
1.1547819846894583e10	358.5062003622752
1.1659144011798311e10	379.13024815690994
1.1771541372323017e10	400.90349389355606
1.1885022274370165e10	423.88826784028817
1.1999597163578562e10	448.1502076870609
1.21152765862859e10	473.7584310556245
1.2232071190499325e10	500.78571687650896
1.234999172687585e10	529.3086960865525
1.246904904971174e10	559.4080521071897
1.2589254117941662e10	591.168731468704
1.2710617996147432e10	624.6801660132508
1.2833151855576538e10	660.0365061353351
1.2956866975170216e10	697.3368650647581
1.3081774742601955e10	736.6855765766924
1.3207886655325506e10	778.1924657698509
1.333521432163324e10	821.9731336981039
1.3463769461724665e10	868.1492565728452
1.3593563908785242e10	916.8489002763616
1.3724609610075598e10	968.2068509537497
1.3856918628031244e10	1022.3649624167517
1.3990503141372957e10	1079.4725218319381
1.4125375446227554e10	1139.6866337109977
1.4261547957260084e10	1203.1726231222085
1.4399033208816326e10	1270.10445996794
1.4537843856076607e10	1340.6652048342412
1.4677992676220675e10	1415.0474775755729
1.4819492569603878e10	1493.4539497920575
1.4962356560944359e10	1576.0978624071945
1.5106597800522312e10	1663.2035696101827
1.5252229565390198e10	1755.0071104696028
1.539926526059492e10	1851.756809418187
1.5547718420411726e10	1953.7139086050045
1.569760270959001e10	2061.153231382127
1.5848931924611109e10	2174.3638786967103
1.6001719994958244e10	2293.649961999102
1.6155980984398762e10	2419.331373203244
1.6311729092278397e10	2551.744593739747
1.646897865482869e10	2691.2435446923027
1.6627744146486336e10	2838.2004800915815
1.678804018122559e10	2993.006925543183
1.6949881513903442e10	3156.07466447167
1.7113283041617846e10	3327.836774369886
1.7278259805078663e10	3508.7487154824676
1.7444826989992558e10	3699.2894750241785
1.7612999928460526e10	3899.962769729478
1.778279410038923e10	4111.298307903529
1.79542251349159e10	4333.853116348388
1.812730881184697e10	4568.212934345633
1.830206106311053e10	4814.993678152162
1.847849797422287e10	5074.842979573246
1.865663578576915e10	5348.441802339823
1.883649089489802e10	5636.506140199372
1.9018079856831398e10	5939.788800826703
1.9201419386388012e10	6259.08127986002
1.9386526359522057e10	6595.215729582539
1.9573417814876575e10	6949.067026972874
1.9762110955351902e10	7321.554945859126
1.9952623149688828e10	7713.646439897161
2.0144971934067833e10	8126.358040913125
2.033917501372293e10	8560.75837532988
2.053525026457146e10	9017.970809721142
2.073321573485954e10	9499.176229428806
2.0933089646823345e10	10005.615957159656
2.1134890398366432e10	10538.594818616933
2.1338636564753216e10	11099.484362542371
2.1544346900318867e10	11689.726242906368
2.1752040340195244e10	12310.83577136714
2.1961736002054367e10	12964.405648528516
2.2173453187867786e10	13652.109882942465
2.2387211385683376e10	14375.707907255912
2.260303027141917e10	15137.048901362477
2.2820929710674557e10	15938.07633290087
2.3040929760558495e10	16780.832725829965
2.3263050671536285e10	17667.464669243927
2.34873128892932e10	18600.22807832074
2.3713737056616554e10	19581.49371742859
2.3942344015295803e10	20613.75300209495
2.417315480804101e10	21699.624092113063
2.440619068041976e10	22841.858290469303
2.4641473082812763e10	24043.346763400525
2.4879023672388397e10	25307.127597627914
2.511886431509582e10	26636.393211606202
2.536101708767827e10	28034.49813847424
2.5605504279704754e10	29504.96719925332
2.5852348395621887e10	31051.5040857828
2.6101572156825333e10	32678.0003738372
2.6353198503751385e10	34388.54498789344
2.660725059798814e10	36187.434140074256
2.6863751824408104e10	38079.18176693037
2.7122725793320297e10	40068.530488865144
2.7384196342643612e10	42160.4631182369
2.764818754010106e10	44360.21474313012
2.791472368543512e10	46673.28541740424
2.8183829312644493e10	49105.45348701355
2.8455529192242382e10	51662.78957756888
2.8729848333536686e10	54351.67128541598
2.900681198693156e10	57178.79860298111
2.9286445646252373e10	60151.21011532971
2.9568775051091873e10	63276.300006402074
2.9853826189179573e10	66561.83591528104
3.0141625298773857e10	70015.97768481761
3.0432198871077286e10	73647.29704704497
3.072557365267452e10	77464.79829200552
3.1021776647995045e10	81477.93996896369
3.132083512179837e10	85696.65767135032
3.1622776601683792e10	90131.3879593873
3.192762888062425e10	94793.09347698723
3.2235420019524593e10	99693.28932233748
3.2546178349804535e10	104844.07073452829
3.2859932476006474e10	110258.14216167478
3.3176711278428616e10	115948.8477792277
3.3496543915782795e10	121930.2035305656
3.3819459827879257e10	128216.93076557174
3.4145488738336006e10	134824.49155656566
3.447466065731491e10	141769.12577486824
3.480700588428406e10	149067.8900156478
3.5142555010806915e10	156738.69846556542
3.5481338923357605e10	164800.36580217004
3.58233888061648e10	173272.65223340457
3.616873614408161e10	182176.31078094986
3.651741272548377e10	191533.13691877158
3.686945064519573e10	201366.0206839177
3.72248823074449e10	211699.00138232356
3.758374042884435e10	222557.32501848624
3.7946058041404335e10	233967.5045842159
3.831186849557293e10	245957.38334839846
3.868120546330525e10	258556.20129667618
3.905410294116381e10	271794.66487745056
3.94305952534472e10	285705.02021816856
3.981071705534969e10	300321.12998414505
4.01945033361512e10	315678.5540606038
4.058198942243807e10	331814.6342476083
4.097321098135422e10	348768.5831668662
4.136820402388512e10	366581.5775894209
4.1767004908171906e10	385296.8564033102
4.216965034285822e10	404959.8234513718
4.2576177390469154e10	425618.15548063006
4.298662347082272e10	447321.91545666265
4.340102636447431e10	470123.67150891025
4.3819424216194275e10	494078.62178601633
4.424185553847923e10	519244.7255141212
4.466835921509635e10	545682.8405654369
4.509897450466355e10	573456.8678598416
4.553374104426248e10	602633.9029377892
4.597269885308718e10	633284.3950596226
4.641588833612772e10	665482.3142046653
4.686335028788963e10	699305.3263687394
4.7315125896148125e10	734834.977549765
4.777125674574048e10	772156.8868730188
4.823178482239309e10	811360.9493010149
4.869675251658631e10	852541.5484025714
4.9166202627456406e10	895797.7796793018
4.964017836673511e10	941233.6849722532
5.011872336272715e10	988958.4984972236
5.060188166432613e10	1.0390869050843713e6
5.108969774506934e10	1.0917393112262154e6
5.1582216507230606e10	1.147042129567796e6
5.207948328595465e10	1.2051280775045464e6
5.2581543853429276e10	1.2661364905855514e6
5.308844442309879e10	1.3302136514550946e6
5.360023165391785e10	1.3975131351011181e6
5.4116952654646484e10	1.4681961712174122e6
5.463865498818551e10	1.5424320245259262e6
5.5165386675955864e10	1.6203983939480418e6
5.569719620231798e10	1.7022818315565446e6
5.6234132519034904e10	1.7882781822869577e6
5.677624504977816e10	1.8785930454347823e6
5.732358369467708e10	1.9734422590159161e6
5.787619883491197e10	2.0730524081207972e6
5.843414133735163e10	2.177661358448607e6
5.899746255923572e10	2.2875188162663956e6
5.956621435290109e10	2.402886916099302e6
6.0140449070556175e10	2.5240408375233165e6
6.072021956909884e10	2.6512694524981678e6
6.130557921498202e10	2.784876004750593e6
6.189658188912597e10	2.9251788227915606e6
6.249328199187811e10	3.0725120682299626e6
6.3095734448019424e10	3.2272265211263457e6
6.37039947118217e10	3.389690404218082e6
6.431811877215091e10	3.560290247935228e6
6.493816315762113e10	3.739431798223422e6
6.556418494179785e10	3.9275409692881824e6
6.6196241748451454e10	4.125064843479801e6
6.683439175686135e10	4.332472720647524e6
6.747869370717123e10	4.550257219406418e6
6.812920690579622e10	4.778935432880978e6
6.878599123088081e10	5.0190501416154215e6
6.944910713781213e10	5.271171086474622e6
7.011861566478363e10	5.535896304503179e6
7.079457843841373e10	5.813853530838555e6
7.147705767941846e10	6.105701669948943e6
7.216611620833897e10	6.412132339619562e6
7.286181745132289e10	6.733871491275432e6
7.356422544596422e10	7.071681110411792e6
7.427340484719673e10	7.426361001083952e6
7.498942093324559e10	7.798750658608312e6
7.571233961163602e10	8.189731234827361e6
7.644222742525995e10	8.600227600508004e6
7.717915155850111e10	9.031210509666726e6
7.792317984341924e10	9.483698870852437e6
7.86743807659941e10	9.958762130664805e6
7.943282347242822e10	1.0457522775046187e7
8.019857777551352e10	1.0981158954160437e7
8.097171416105618e10	1.1530907236954387e7
8.175230379436493e10	1.2108065501801277e7
8.254041852680173e10	1.2713995969940616e7
8.333613090239577e10	1.3350128388758719e7
8.413951416451965e10	1.4017963372300519e7
8.49506422626333e10	1.4719075906772943e7
8.576958985908946e10	1.5455119029173031e7
8.659643233600653e10	1.6227827687583735e7
8.743124580220732e10	1.7039022792096946e7
8.827410710022461e10	1.7890615465764828e7
8.91250938133744e10	1.8784611505445823e7
8.998428427289726e10	1.9723116062894434e7
9.085175756516881e10	2.0708338556957908e7
9.172759353897803e10	2.174259782827317e7
9.261187281287938e10	2.2828327548426926e7
9.350467678261195e10	2.3968081896118008e7
9.440608762859225e10	2.5164541513493095e7
9.531618832347862e10	2.6420519756465368e7
9.623506263980907e10	2.7738969253512166e7
9.716279515771077e10	2.9122988788153768e7
9.809947127268784e10	3.0575830521080773e7
9.904517720348015e10	3.210090756865872e7
1.e11	3.370180195538714e7
1.0096402755134482e11	3.538227295874104e7
1.0193734859388716e11	3.714626586573468e7
1.0292005271944264e11	3.899792116150239e7
1.039122303835167e11	4.094158417118481e7
1.0491397291363069e11	4.2981815177462175e7
1.0592537251772897e11	4.512340003717766e7
1.0694652229266452e11	4.737136132163496e7
1.0797751623277094e11	4.973097000639402e7
1.0901844923851268e11	5.220775773761993e7
1.1006941712522125e11	5.480752970340831e7
1.1113051663191304e11	5.7536378139886014e7
1.1220184543019653e11	6.040069650337641e7
1.1328350213326096e11	6.340719434142334e7
1.1437558630495389e11	6.656291289712023e7
1.1547819846894582e11	6.987524148286915e7
1.1659144011798311e11	7.335193466146094e7
1.1771541372323016e11	7.700113027426063e7
1.1885022274370164e11	8.083136835822172e7
1.1999597163578563e11	8.485161099549931e7
1.2115276586285852e11	8.907126314161564e7
1.2232071190499326e11	9.350019448036802e7
1.2349991726875851e11	9.814876235603404e7
1.2469049049711742e11	1.0302783583596523e8
1.2589254117941661e11	1.0814882095920905e8
1.2710617996147484e11	1.1352368722958408e8
1.2833151855576538e11	1.1916499541447054e8
1.2956866975170216e11	1.2508592671367069e8
1.3081774742601955e11	1.3130031336573353e8
1.3207886655325507e11	1.3782267076257154e8
1.333521432163324e11	1.4466823114663523e8
1.3463769461724666e11	1.5185297896854797e8
1.3593563908785242e11	1.5939368798697823e8
1.3724609610075597e11	1.673079601965159e8
1.3856918628031244e11	1.756142666735511e8
1.39905031413729e11	1.8433199043461347e8
1.4125375446227554e11	1.9348147140620768e8
1.4261547957260086e11	2.0308405361008558e8
1.4399033208816327e11	2.1316213467307946e8
1.4537843856076605e11	2.237392177758775e8
1.4677992676220737e11	2.3483996616080248e8
1.481949256960388e11	2.464902603245643e8
1.4962356560944357e11	2.587172580281838e8
1.510659780052231e11	2.715494572626931e8
1.5252229565390198e11	2.850167623161311e8
1.539926526059492e11	2.9915055309447145e8
1.5547718420411728e11	3.1398375785664904e8
1.569760270959001e11	3.295509295316668e8
1.5848931924611108e11	3.458883257941581e8
1.6001719994958246e11	3.630339930832535e8
1.6155980984398697e11	3.8102785475894964e8
1.6311729092278397e11	3.9991180359948725e8
1.646897865482869e11	4.197297988533935e8
1.6627744146486334e11	4.405279680703606e8
1.678804018122559e11	4.623547139460164e8
1.6949881513903513e11	4.852608264274406e8
1.7113283041617847e11	5.0929960033813256e8
1.7278259805078662e11	5.3452695879415333e8
1.744482698999256e11	5.610015826962825e8
1.7612999928460526e11	5.887850465971913e8
1.7782794100389227e11	6.179419612572777e8
1.7954225134915903e11	6.485401232182187e8
1.8127308811846967e11	6.806506717395637e8
1.8302061063110532e11	7.143482534605895e8
1.847849797422287e11	7.497111951673535e8
1.8656635785769073e11	7.868216850639157e8
1.883649089489802e11	8.25765962965878e8
1.9018079856831396e11	8.666345198552532e8
1.920141938638801e11	9.095223072571896e8
1.9386526359522058e11	9.545289569216131e8
1.9573417814876657e11	1.0017590113167628e9
1.9762110955351904e11	1.0513221654664326e9
1.9952623149688828e11	1.1033335206888514e9
2.0144971934067834e11	1.1579138508227193e9
2.033917501372293e11	1.2151898815543509e9
2.053525026457146e11	1.2752945834907124e9
2.073321573485954e11	1.3383674796540105e9
2.0933089646823346e11	1.404554968107402e9
2.1134890398366434e11	1.474010660455861e9
2.1338636564753217e11	1.5468957370030975e9
2.1544346900318777e11	1.623379319383602e9
2.1752040340195245e11	1.7036388615291772e9
2.1961736002054367e11	1.7878605598715806e9
2.2173453187867786e11	1.8762397837280006e9
2.2387211385683377e11	1.9689815268602672e9
2.2603030271419263e11	2.0663008812507424e9
2.2820929710674554e11	2.168423534186592e9
2.3040929760558493e11	2.2755862897984414e9
2.3263050671536285e11	2.3880376162567053e9
2.3487312889293204e11	2.5060382198857045e9
2.3713737056616553e11	2.62986164752188e9
2.3942344015295804e11	2.759794918501001e9
2.4173154808041013e11	2.896139187735388e9
2.4406190680419763e11	3.0392104414068327e9
2.4641473082812762e11	3.189340226879857e9
2.4879023672388297e11	3.3468764185185647e9
2.5118864315095822e11	3.512184021170809e9
2.5361017087678268e11	3.68564601317268e9
2.5605504279704755e11	3.8676642308172097e9
2.5852348395621887e11	4.0586602963224983e9
2.610157215682544e11	4.259076591442931e9
2.6353198503751385e11	4.469377278962364e9
2.660725059798814e11	4.69004937442683e9
2.6863751824408105e11	4.921603870583909e9
2.7122725793320297e11	5.164576917123895e9
2.7384196342643613e11	5.419531058435394e9
2.7648187540101056e11	5.6870565322336e9
2.791472368543512e11	5.967772632048502e9
2.8183829312644495e11	6.2623291367157545e9
2.845552919224238e11	6.571407810162778e9
2.8729848333536566e11	6.895723974943737e9
2.900681198693156e11	7.236028163151808e9
2.9286445646252374e11	7.593107848509938e9
2.956877505109187e11	7.967789263631413e9
2.985382618917957e11	8.360939306634119e9
3.014162529877398e11	8.77346754150709e9
3.043219887107728e11	9.206328296828054e9
3.072557365267452e11	9.66052286767349e9
3.1021776647995044e11	1.0137101825794022e10
3.132083512179837e11	1.0637167443364573e10
3.1622776601683795e11	1.1161876235907785e10
3.192762888062425e11	1.1712441630239124e10
3.223542001952459e11	1.229013676357754e10
3.2546178349804535e11	1.2896297420268015e10
3.2859932476006476e11	1.3532325112888037e10
3.317671127842848e11	1.4199690314820807e10
3.3496543915782794e11	1.489993585175035e10
3.3819459827879254e11	1.5634680459879045e10
3.4145488738336005e11	1.6405622519072805e10
3.447466065731491e11	1.721454396951749e10
3.4807005884284204e11	1.8063314420916622e10
3.5142555010806915e11	1.8953895463688488e10
3.5481338923357605e11	1.9888345192076294e10
3.582338880616481e11	2.086882294961656e10
3.616873614408161e11	2.189759430786089e10
3.651741272548377e11	2.2977036289824146e10
3.6869450645195734e11	2.410964285019567e10
3.7224882307444904e11	2.529803062491966e10
3.7583740428844354e11	2.6544944963379528e10
3.794605804140434e11	2.7853266257079033e10
3.831186849557277e11	2.9226016579396557e10
3.868120546330525e11	3.0666366651671093e10
3.905410294116381e11	3.2177643151688896e10
3.94305952534472e11	3.3763336381382534e10
3.9810717055349695e11	3.54271083113674e10
4.019450333615136e11	3.7172801020885124e10
4.0581989422438074e11	3.900444555252309e10
4.097321098135422e11	4.0926271202132835e10
4.1368204023885114e11	4.294271526532511e10
4.1767004908171906e11	4.5058433262960236e10
4.216965034285823e11	4.727830966912173e10
4.257617739046915e11	4.960746916643726e10
4.2986623470822723e11	5.205128845440281e10
4.340102636447431e11	5.461540863809008e10
4.3819424216194275e11	5.730574822562898e10
4.424185553847905e11	6.012851676449525e10
4.466835921509635e11	6.309022914779199e10
4.509897450466355e11	6.61977206236497e10
4.553374104426248e11	6.945816254224667e10
4.597269885308718e11	7.287907887645174e10
4.641588833612792e11	7.646836355452818e10
4.6863350287889636e11	8.023429864437962e10
4.7315125896148126e11	8.418557343144318e10
4.7771256745740485e11	8.833130443395598e10
4.823178482239309e11	9.268105640185954e10
4.869675251658631e11	9.724486434731819e10
4.916620262745641e11	1.0203325665795576e11
4.964017836673511e11	1.0705727934577982e11
5.011872336272715e11	1.1232852148731696e11
5.060188166432613e11	1.1785914191412534e11
5.108969774506914e11	1.2366189721454121e11
5.158221650723061e11	1.2975017111124199e11
5.207948328595465e11	1.3613800528234653e11
5.258154385342927e11	1.4284013169682425e11
5.308844442309879e11	1.498720065385838e11
5.3600231653918066e11	1.5724984579740674e11
5.4116952654646484e11	1.649906626084132e11
5.463865498818551e11	1.73112306426334e11
5.516538667595586e11	1.8163350412412952e11
5.569719620231798e11	1.9057390311092255e11
5.623413251903491e11	1.9995411656843634e11
5.677624504977816e11	2.0979577090985147e11
5.732358369467708e11	2.2012155557014847e11
5.787619883491198e11	2.309552752425317e11
5.843414133735164e11	2.4232190468166498e11
5.899746255923547e11	2.5424764619861533e11
5.95662143529011e11	2.6675998998072006e11
6.014044907055618e11	2.798877773747202e11
6.072021956909884e11	2.936612672789575e11
6.130557921498202e11	3.0811220579699396e11
6.189658188912622e11	3.2327389931293054e11
6.249328199187811e11	3.391812911569336e11
6.309573444801943e11	3.5587104203658923e11
6.37039947118217e11	3.733816144199306e11
6.431811877215092e11	3.9175336106288934e11
6.493816315762113e11	4.110286178866136e11
6.556418494179785e11	4.3125180141657623e11
6.619624174845145e11	4.524695110079735e11
6.683439175686135e11	4.7473063609363385e11
6.747869370717123e11	4.980864686999319e11
6.812920690579595e11	5.225908214882517e11
6.878599123088081e11	5.483001515978742e11
6.944910713781215e11	5.752736905684054e11
7.011861566478363e11	6.035735806482976e11
7.079457843841373e11	6.332650177952736e11
7.147705767941875e11	6.644164017028999e11
7.216611620833898e11	6.970994931963296e11
7.286181745132289e11	7.313895793590515e11
7.356422544596421e11	7.673656467696006e11
7.427340484719673e11	8.051105632499807e11
7.498942093324558e11	8.447112685389604e11
7.571233961163601e11	8.862589743315022e11
7.644222742525994e11	9.298493741436902e11
7.717915155850111e11	9.755828634877405e11
7.792317984341924e11	1.0235647708570305e12
7.867438076599377e11	1.0739056000623296e12
7.943282347242821e11	1.126721284465099e12
8.019857777551353e11	1.1821334537000286e12
8.097171416105618e11	1.2402697135009255e12
8.175230379436493e11	1.3012639392650503e12
8.254041852680206e11	1.3652565840413398e12
8.333613090239576e11	1.4323950016405474e12
8.413951416451964e11	1.5028337856188718e12
8.49506422626333e11	1.5767351249068381e12
8.576958985908945e11	1.654269176912372e12
8.659643233600653e11	1.7356144589363262e12
8.743124580220731e11	1.8209582588250063e12
8.827410710022461e11	1.9104970657781724e12
8.91250938133744e11	2.0044370223285386e12
8.998428427289725e11	2.1029943985083062e12
9.085175756516843e11	2.2063960893131196e12
9.172759353897804e11	2.314880136585301e12
9.261187281287937e11	2.4286962765420312e12
9.350467678261195e11	2.548106514181311e12
9.440608762859226e11	2.6733857259108135e12
9.531618832347902e11	2.80482229175168e12
9.623506263980907e11	2.9427187586238604e12
9.716279515771078e11	3.08739253616198e12
9.809947127268784e11	3.239176626750659e12
9.904517720348015e11	3.3984203913717266e12
1.e12	3.565490353095377e12