1.e7	0.999996880392792
1.0096402755134482e7	0.9999968668565479
1.0193734859388737e7	0.9999968531938824
1.0292005271944286e7	0.999996839403427
1.039122303835169e7	0.9999968254837742
1.049139729136309e7	0.9999968114334757
1.0592537251772897e7	0.9999967972510413
1.0694652229266452e7	0.9999967829349354
1.0797751623277094e7	0.9999967684835771
1.0901844923851268e7	0.9999967538953366
1.1006941712522103e7	0.9999967391685338
1.1113051663191281e7	0.9999967243014369
1.122018454301963e7	0.9999967092922593
1.1328350213326072e7	0.9999966941391585
1.1437558630495388e7	0.9999966788402339
1.154781984689458e7	0.9999966633935249
1.1659144011798311e7	0.9999966477970083
1.177154137232304e7	0.9999966320485977
1.188502227437019e7	0.9999966161461395
1.1999597163578587e7	0.9999966000874143
1.2115276586285876e7	0.9999965838701312
1.2232071190499326e7	0.9999965674919291
1.234999172687585e7	0.9999965509503734
1.2469049049711742e7	0.999996534242955
1.2589254117941663e7	0.9999965173670883
1.2710617996147458e7	0.99999650032011
1.2833151855576513e7	0.9999964830992778
1.295686697517019e7	0.9999964657017687
1.308177474260193e7	0.9999964481246782
1.3207886655325506e7	0.9999964303650192
1.333521432163324e7	0.9999964124197201
1.3463769461724665e7	0.9999963942856257
1.3593563908785269e7	0.9999963759594945
1.3724609610075625e7	0.9999963574380003
1.3856918628031274e7	0.9999963387177294
1.3990503141372928e7	0.9999963197951828
1.4125375446227554e7	0.9999963006667739
1.4261547957260085e7	0.99999628132883
1.4399033208816327e7	0.9999962617775923
1.4537843856076606e7	0.9999962420092158
1.4677992676220706e7	0.9999962220197707
1.4819492569603847e7	0.9999962018052424
1.4962356560944328e7	0.9999961813615338
1.510659780052228e7	0.999996160684465
1.5252229565390198e7	0.9999961397697756
1.539926526059492e7	0.9999961186131271
1.5547718420411726e7	0.9999960972101033
1.5697602709590042e7	0.9999960755562132
1.5848931924611142e7	0.9999960536468937
1.6001719994958278e7	0.9999960314775116
1.6155980984398728e7	0.9999960090433669
1.6311729092278397e7	0.9999959863396954
1.6468978654828688e7	0.9999959633616722
1.6627744146486335e7	0.9999959401044154
1.678804018122559e7	0.9999959165629898
1.6949881513903476e7	0.9999958927324114
1.711328304161781e7	0.9999958686076499
1.7278259805078626e7	0.9999958441836357
1.744482698999252e7	0.9999958194552626
1.7612999928460523e7	0.999995794417394
1.7782794100389227e7	0.9999957690648674
1.7954225134915903e7	0.9999957433925
1.8127308811846968e7	0.999995717395094
1.8302061063110568e7	0.9999956910674436
1.8478497974222906e7	0.9999956644043391
1.865663578576911e7	0.9999956374005752
1.883649089489802e7	0.9999956100509554
1.9018079856831398e7	0.9999955823503004
1.920141938638801e7	0.9999955542934537
1.9386526359522056e7	0.9999955258752893
1.9573417814876616e7	0.9999954970907173
1.9762110955351863e7	0.9999954679346936
1.9952623149688788e7	0.9999954384022246
2.0144971934067793e7	0.9999954084883769
2.033917501372293e7	0.9999953781882829
2.053525026457146e7	0.99999534749715
2.073321573485954e7	0.9999953164102678
2.0933089646823347e7	0.999995284923015
2.1134890398366477e7	0.999995253030869
2.133863656475326e7	0.9999952207294123
2.1544346900318824e7	0.9999951880143406
2.1752040340195246e7	0.999995154881472
2.1961736002054367e7	0.999995121326752
2.2173453187867787e7	0.9999950873462646
2.2387211385683376e7	0.999995052936238
2.2603030271419216e7	0.9999950180930528
2.282092971067451e7	0.9999949828132491
2.3040929760558445e7	0.9999949470935353
2.3263050671536237e7	0.999994910930794
2.34873128892932e7	0.9999948743220896
2.3713737056616552e7	0.999994837264676
2.3942344015295804e7	0.9999947997560024
2.4173154808041014e7	0.9999947617937203
2.4406190680419814e7	0.9999947233756904
2.4641473082812812e7	0.9999946844999877
2.4879023672388345e7	0.9999946451649087
2.5118864315095823e7	0.9999946053689757
2.536101708767827e7	0.9999945651109425
2.5605504279704753e7	0.9999945243898
2.5852348395621885e7	0.9999944832047798
2.6101572156825386e7	0.9999944415553592
2.635319850375133e7	0.9999943994412648
2.6607250597988084e7	0.9999943568624757
2.686375182440805e7	0.9999943138192277
2.71227257933203e7	0.999994270312014
2.738419634264361e7	0.9999942263415897
2.764818754010106e7	0.9999941819089716
2.791472368543512e7	0.9999941370154412
2.818382931264455e7	0.9999940916625438
2.845552919224244e7	0.9999940458520904
2.872984833353663e7	0.9999939995861569
2.900681198693156e7	0.9999939528670826
2.928644564625237e7	0.9999939056974713
2.9568775051091872e7	0.9999938580801868
2.9853826189179573e7	0.9999938100183527
3.0141625298773922e7	0.9999937615153484
3.043219887107722e7	0.9999937125748072
3.0725573652674455e7	0.9999936632006104
3.102177664799498e7	0.9999936133968851
3.132083512179837e7	0.9999935631679971
3.162277660168379e7	0.9999935125185472
3.192762888062425e7	0.9999934614533639
3.2235420019524593e7	0.9999934099774972
3.2546178349804603e7	0.9999933580962116
3.285993247600654e7	0.9999933058149784
3.3176711278428547e7	0.999993253139466
3.3496543915782794e7	0.999993200075534
3.381945982787926e7	0.9999931466292212
3.4145488738336004e7	0.9999930928067366
3.447466065731491e7	0.9999930386144498
3.480700588428413e7	0.9999929840588787
3.514255501080684e7	0.9999929291466798
3.548133892335753e7	0.9999928738846351
3.582338880616481e7	0.9999928182796401
3.616873614408161e7	0.9999927623386919
3.651741272548377e7	0.9999927060688744
3.686945064519574e7	0.9999926494773462
3.72248823074449e7	0.9999925925713262
3.758374042884443e7	0.9999925353580793
3.794605804140442e7	0.9999924778449011
3.831186849557285e7	0.9999924200391032
3.868120546330525e7	0.9999923619479987
3.905410294116381e7	0.9999923035788852
3.94305952534472e7	0.9999922449390303
3.981071705534969e7	0.9999921860356533
4.019450333615128e7	0.9999921268759119
4.058198942243799e7	0.999992067466883
4.097321098135413e7	0.999992007815547
4.1368204023885116e7	0.9999919479287718
4.176700490817191e7	0.9999918878132947
4.2169650342858225e7	0.9999918274757056
4.2576177390469156e7	0.9999917669224314
4.298662347082272e7	0.9999917061597167
4.34010263644744e7	0.9999916451936091
4.381942421619436e7	0.9999915840299411
4.424185553847914e7	0.9999915226743142
4.466835921509635e7	0.9999914611320816
4.509897450466355e7	0.9999913994083319
4.553374104426248e7	0.9999913375078743
4.597269885308718e7	0.9999912754352209
4.641588833612782e7	0.9999912131945724
4.686335028788954e7	0.999991150789803
4.7315125896148026e7	0.9999910882244454
4.777125674574048e7	0.9999910255016761
4.823178482239309e7	0.9999909626243025
4.869675251658631e7	0.9999908995947493
4.9166202627456404e7	0.9999908364150462
4.964017836673511e7	0.9999907730868149
5.011872336272725e7	0.9999907096112592
5.0601881664326236e7	0.9999906459891532
5.108969774506924e7	0.9999905822208326
5.158221650723061e7	0.9999905183061847
5.207948328595465e7	0.9999904542446407
5.258154385342927e7	0.9999903900351684
5.3088444423098795e7	0.9999903256762666
5.360023165391796e7	0.9999902611659576
5.4116952654646374e7	0.9999901965017858
5.46386549881854e7	0.9999901316808119
5.516538667595586e7	0.9999900666996124
5.569719620231798e7	0.9999900015542776
5.623413251903491e7	0.9999899362404123
5.677624504977816e7	0.9999898707531372
5.732358369467708e7	0.99998980508709
5.787619883491209e7	0.9999897392364316
5.8434141337351754e7	0.9999896731948493
5.8997462559235595e7	0.999989606955564
5.956621435290109e7	0.9999895405113376
6.014044907055618e7	0.9999894738544824
6.072021956909884e7	0.999989406976871
6.130557921498202e7	0.9999893398699486
6.18965818891261e7	0.9999892725247463
6.249328199187798e7	0.9999892049318954
6.3095734448019296e7	0.999989137081643
6.37039947118217e7	0.9999890689638702
6.431811877215091e7	0.9999890005681107
6.493816315762113e7	0.999988931883571
6.556418494179785e7	0.999988862899152
6.619624174845146e7	0.9999887936034723
6.6834391756861486e7	0.9999887239848921
6.747869370717137e7	0.99998865403154
6.812920690579608e7	0.9999885837313396
6.878599123088081e7	0.9999885130720382
6.944910713781214e7	0.999988442041237
7.011861566478363e7	0.9999883706264221
7.079457843841374e7	0.9999882988149972
7.147705767941861e7	0.9999882265943179
7.216611620833883e7	0.9999881539517258
7.286181745132273e7	0.9999880808745866
7.356422544596422e7	0.9999880073503257
7.427340484719673e7	0.9999879333664693
7.498942093324558e7	0.999987858910682
7.571233961163601e7	0.9999877839708097
7.644222742525995e7	0.9999877085349216
7.717915155850127e7	0.9999876325913526
7.79231798434194e7	0.9999875561287486
7.867438076599394e7	0.9999874791361116
7.943282347242822e7	0.9999874016028466
8.019857777551351e7	0.9999873235188085
8.097171416105618e7	0.9999872448743504
8.175230379436493e7	0.9999871656603739
8.25404185268019e7	0.9999870858683776
8.333613090239559e7	0.9999870054905104
8.413951416451947e7	0.9999869245196222
8.49506422626333e7	0.9999868429493168
8.576958985908946e7	0.9999867607740062
8.659643233600654e7	0.9999866779889647
8.743124580220732e7	0.9999865945903846
8.82741071002246e7	0.9999865105754324
8.91250938133746e7	0.9999864259423055
8.998428427289744e7	0.9999863406902906
9.085175756516862e7	0.9999862548198217
9.172759353897804e7	0.9999861683325404
9.261187281287937e7	0.9999860812313552
9.350467678261195e7	0.9999859935205039
9.440608762859227e7	0.999985905205614
9.531618832347882e7	0.999985816293767
9.623506263980888e7	0.9999857267935617
9.716279515771058e7	0.9999856367151791
9.809947127268784e7	0.999985546070447
9.904517720348015e7	0.9999854548729081
1.e8	0.9999853631378877
1.0096402755134483e8	0.999985270882561
1.0193734859388717e8	0.9999851781260247
1.0292005271944265e8	0.9999850848893677
1.0391223038351668e8	0.9999849911957434
1.0491397291363113e8	0.9999848970704432
1.0592537251772897e8	0.999984802540973
1.0694652229266451e8	0.9999847076371281
1.0797751623277093e8	0.9999846123910734
1.0901844923851268e8	0.9999845168374225
1.100694171252208e8	0.9999844210133199
1.1113051663191305e8	0.999984324958524
1.1220184543019652e8	0.9999842287154949
1.1328350213326095e8	0.9999841323294798
1.1437558630495389e8	0.999984035848606
1.1547819846894582e8	0.9999839393239717
1.165914401179831e8	0.9999838428097423
1.1771541372323017e8	0.9999837463632483
1.1885022274370165e8	0.9999836500450873
1.1999597163578562e8	0.9999835539192264
1.2115276586285901e8	0.9999834580531122
1.2232071190499325e8	0.9999833625177796
1.2349991726875852e8	0.9999832673879683
1.2469049049711742e8	0.9999831727422409
1.2589254117941661e8	0.9999830786631061
1.2710617996147431e8	0.9999829852371461
1.2833151855576539e8	0.9999828925551485
1.2956866975170216e8	0.9999828007122437
1.3081774742601955e8	0.9999827098080469
1.3207886655325507e8	0.9999826199468065
1.333521432163324e8	0.9999825312375573
1.3463769461724666e8	0.99998244379428
1.3593563908785242e8	0.9999823577360683
1.3724609610075596e8	0.9999822731873009
1.3856918628031245e8	0.9999821902778229
1.3990503141372958e8	0.9999821091431323
1.4125375446227553e8	0.999982029924576
1.4261547957260084e8	0.9999819527695543
1.4399033208816326e8	0.9999818778317321
1.4537843856076607e8	0.9999818052712615
1.4677992676220676e8	0.9999817352550123
1.4819492569603878e8	0.9999816679568138
1.4962356560944358e8	0.9999816035577049
1.5106597800522313e8	0.9999815422461981
1.5252229565390196e8	0.9999814842185514
1.539926526059492e8	0.9999814296790549
1.5547718420411727e8	0.9999813788403284
1.569760270959001e8	0.9999813319236327
1.584893192461111e8	0.9999812891591925
1.6001719994958246e8	0.9999812507865363
1.615598098439876e8	0.9999812170548475
1.6311729092278397e8	0.9999811882233338
1.6468978654828689e8	0.9999811645616107
1.6627744146486336e8	0.9999811463501007
1.678804018122559e8	0.9999811338804517
1.6949881513903442e8	0.9999811274559723
1.7113283041617846e8	0.9999811273920844
1.727825980507866e8	0.9999811340167959
1.744482698999256e8	0.9999811476711941
1.7612999928460523e8	0.9999811687099588
1.7782794100389227e8	0.9999811975018963
1.7954225134915903e8	0.9999812344304968
1.812730881184697e8	0.9999812798945154
1.830206106311053e8	0.9999813343085749
1.847849797422287e8	0.9999813981037955
1.865663578576915e8	0.9999814717284492
1.883649089489802e8	0.999981555648642
1.9018079856831396e8	0.9999816503490231
1.920141938638801e8	0.9999817563335228
1.9386526359522057e8	0.9999818741261213
1.9573417814876577e8	0.9999820042716464
1.9762110955351904e8	0.9999821473366068
1.9952623149688828e8	0.9999823039100554
2.0144971934067833e8	0.9999824746044889
2.033917501372293e8	0.9999826600567827
2.053525026457146e8	0.9999828609291642
2.073321573485954e8	0.9999830779102235
2.0933089646823347e8	0.9999833117159634
2.1134890398366433e8	0.9999835630908943
2.1338636564753217e8	0.9999838328091692
2.1544346900318867e8	0.9999841216757639
2.1752040340195245e8	0.9999844305277054
2.1961736002054366e8	0.9999847602353469
2.2173453187867785e8	0.9999851117036942
2.238721138568338e8	0.9999854858737827
2.260303027141917e8	0.9999858837241102
2.2820929710674554e8	0.9999863062721243
2.3040929760558495e8	0.999986754575769
2.3263050671536288e8	0.9999872297350914
2.3487312889293203e8	0.999987732893912
2.3713737056616554e8	0.9999882652415594
2.3942344015295804e8	0.9999888280146734
2.4173154808041012e8	0.999989422499079
2.4406190680419764e8	0.9999900500317331
2.4641473082812762e8	0.9999907120027476
2.48790236723884e8	0.9999914098574925
2.511886431509582e8	0.9999921450987795
2.536101708767827e8	0.9999929192891348
2.5605504279704756e8	0.9999937340531558
2.5852348395621887e8	0.9999945910799659
2.610157215682533e8	0.9999954921257622
2.6353198503751385e8	0.9999964390164641
2.660725059798814e8	0.9999974336504679
2.686375182440811e8	0.999998478001508
2.71227257933203e8	0.9999995741216325
2.738419634264361e8	1.0000007241442967
2.764818754010106e8	1.0000019302875776
2.7914723685435116e8	1.000003194857519
2.8183829312644494e8	1.0000045202516088
2.8455529192242384e8	1.0000059089623927
2.8729848333536685e8	1.0000073635812374
2.900681198693156e8	1.000008886802242
2.9286445646252376e8	1.000010481426308
2.9568775051091874e8	1.0000121503653734
2.985382618917957e8	1.000013896646821
3.014162529877386e8	1.0000157234180647
3.043219887107729e8	1.0000176339513251
3.072557365267452e8	1.000019631648602
3.102177664799504e8	1.000021720046854
3.132083512179837e8	1.000023902823391
3.1622776601683795e8	1.0000261838014983
3.1927628880624247e8	1.000028566956295
3.223542001952459e8	1.0000310564208432
3.254617834980453e8	1.0000336564925192
3.285993247600647e8	1.0000363716396614
3.3176711278428614e8	1.0000392065085082
3.349654391578279e8	1.0000421659304417
3.3819459827879256e8	1.0000452549295533
3.414548873833601e8	1.0000484787305524
3.447466065731491e8	1.0000518427670295
3.480700588428406e8	1.000055352690106
3.514255501080691e8	1.0000590143774781
3.5481338923357606e8	1.0000628339428945
3.582338880616481e8	1.0000668177460788
3.616873614408161e8	1.0000709724031331
3.651741272548377e8	1.0000753047974522
3.6869450645195735e8	1.0000798220911722
3.72248823074449e8	1.0000845317371982
3.7583740428844357e8	1.0000894414918413
3.7946058041404337e8	1.0000945594281068
3.831186849557293e8	1.0000998939496755
3.8681205463305247e8	1.0001054538056264
3.905410294116381e8	1.0001112481059493
3.94305952534472e8	1.0001172863378986
3.981071705534969e8	1.000123578383252
4.0194503336151195e8	1.0001301345365285
4.0581989422438073e8	1.0001369655242425
4.097321098135422e8	1.0001440825252526
4.1368204023885113e8	1.0001514971922982
4.1767004908171904e8	1.0001592216747957
4.2169650342858225e8	1.0001672686429857
4.257617739046915e8	1.0001756513135345
4.298662347082272e8	1.000184383476683
4.3401026364474314e8	1.000193479525062
4.381942421619427e8	1.0002029544842865
4.424185553847923e8	1.000212824045463
4.466835921509635e8	1.0002231045997385
4.509897450466355e8	1.0002338132750428
4.5533741044262487e8	1.0002449679751781
4.597269885308718e8	1.0002565874214229
4.641588833612773e8	1.0002686911968264
4.6863350287889636e8	1.0002812997933863
4.731512589614813e8	1.0002944346623115
4.777125674574048e8	1.0003081182675857
4.823178482239309e8	1.0003223741430591
4.869675251658631e8	1.0003372269533177
4.916620262745641e8	1.0003527025585877
4.9640178366735107e8	1.0003688280839502
5.011872336272715e8	1.0003856319931623
5.060188166432613e8	1.0004031441673928
5.108969774506935e8	1.0004213959892072
5.158221650723061e8	1.0004404204321449
5.207948328595465e8	1.0004602521562653
5.2581543853429276e8	1.0004809276100506
5.308844442309879e8	1.0005024851390791
5.360023165391785e8	1.0005249651019086
5.411695265464648e8	1.0005484099936277
5.463865498818551e8	1.0005728645775667
5.516538667595586e8	1.0005983760256751
5.569719620231798e8	1.0006249940681127
5.623413251903491e8	1.0006527711526183
5.677624504977816e8	1.0006817626142581
5.732358369467708e8	1.0007120268561813
5.787619883491197e8	1.0007436255420463
5.843414133735163e8	1.0007766238008102
5.899746255923572e8	1.0008110904446135
5.956621435290109e8	1.0008470982005218
6.014044907055618e8	1.0008847239569283
6.072021956909884e8	1.0009240490254583
6.130557921498202e8	1.0009651594192508
6.189658188912597e8	1.0010081461485452
6.249328199187812e8	1.0010531055345298
6.309573444801943e8	1.0011001395424624
6.37039947118217e8	1.0011493561351168
6.431811877215091e8	1.001200869647652
6.493816315762113e8	1.0012548011850555
6.556418494179785e8	1.0013112790433552
6.619624174845146e8	1.0013704391558542
6.683439175686135e8	1.0014324255656906
6.747869370717123e8	1.0014973909260794
6.812920690579622e8	1.0015654970296575
6.878599123088082e8	1.0016369153684008
6.944910713781214e8	1.0017118277256574
7.011861566478363e8	1.0017904268018842
7.079457843841373e8	1.0018729168757672
7.147705767941846e8	1.001959514502437
7.216611620833898e8	1.0020504492505968
7.286181745132289e8	1.002145964480422
7.356422544596422e8	1.0022463181641825
7.427340484719672e8	1.002351783751607
7.498942093324559e8	1.0024626510820853
7.571233961163601e8	1.0025792273458962
7.644222742525994e8	1.0027018380967152
7.717915155850111e8	1.0028308283177572
7.792317984341924e8	1.002966563543994
7.86743807659941e8	1.0031094310429705
7.943282347242821e8	1.0032598410568525
8.019857777551352e8	1.0034182281084207
8.097171416105617e8	1.003585052373841
8.175230379436493e8	1.003760801125133
8.254041852680173e8	1.0039459902453773
8.333613090239576e8	1.0041411658198003
8.413951416451964e8	1.0043469058060033
8.49506422626333e8	1.004563821786709
8.576958985908946e8	1.004792578171563
8.659643233600653e8	1.0050338073103737
8.743124580220731e8	1.0052882851452707
8.82741071002246e8	1.0055567596994646
8.912509381337441e8	1.0058400401128456
8.998428427289726e8	1.0061389816048658
9.08517575651688e8	1.0064544879102717
9.172759353897803e8	1.006787513829115
9.261187281287937e8	1.0071390678956857
9.350467678261195e8	1.00751021517115
9.440608762859226e8	1.0079020801648573
9.531618832347863e8	1.0083158498894582
9.623506263980907e8	1.0087527770551423
9.716279515771078e8	1.0092141834085016
9.809947127268784e8	1.0097014632217156
9.904517720348015e8	1.0102160869379513
1.e9	1.010759604979075
1.0096402755134482e9	1.0113336517219953
1.0193734859388716e9	1.0119399496501664
1.0292005271944265e9	1.0125803136870182
1.0391223038351669e9	1.0132566557185199
1.0491397291363113e9	1.0139709893108626
1.0592537251772897e9	1.0147254346338968
1.0694652229266452e9	1.0155222235939296
1.0797751623277094e9	1.0163637051870156
1.0901844923851268e9	1.0172523510798293
1.100694171252208e9	1.0181907614269383
1.1113051663191304e9	1.019181670933397
1.1220184543019652e9	1.0202279551718978
1.1328350213326094e9	1.0213326371640545
1.1437558630495389e9	1.02249889423572
1.1547819846894581e9	1.0237300651566215
1.165914401179831e9	1.0250296575749458
1.1771541372323017e9	1.0264013557579161
1.1885022274370165e9	1.0278490286497908
1.1999597163578563e9	1.0293767382591434
1.21152765862859e9	1.03098874838773
1.2232071190499325e9	1.0326895337136939
1.234999172687585e9	1.0344837892425207
1.246904904971174e9	1.036376440138503
1.258925411794166e9	1.0383726519534056
1.2710617996147432e9	1.040477841263934
1.283315185557654e9	1.0426976847246494
1.2956866975170217e9	1.0450381406293578
1.3081774742601955e9	1.0475054407637312
1.3207886655325506e9	1.0501061229564654
1.333521432163324e9	1.0528470339568827
1.3463769461724665e9	1.0557353448916704
1.359356390878524e9	1.0587785652421684
1.3724609610075598e9	1.0619845573735343
1.3856918628031244e9	1.0653615479555771
1.3990503141372957e9	1.0689181422461729
1.4125375446227555e9	1.0726633805452033
1.4261547957260084e9	1.076606640060318
1.4399033208816326e9	1.0807578783386236
1.4537843856076605e9	1.0851272493207005
1.4677992676220675e9	1.0897257689695983
1.481949256960388e9	1.0945643653160715
1.496235656094436e9	1.0996555675369157
1.510659780052231e9	1.1050109307046232
1.5252229565390198e9	1.1106436846126015
1.5399265260594919e9	1.11656717591333
1.5547718420411727e9	1.1227954861567984
1.569760270959001e9	1.129343386262845
1.5848931924611108e9	1.1362256398278765
1.6001719994958246e9	1.1434599044965956
1.615598098439876e9	1.1510613044770936
1.6311729092278397e9	1.1590478641851
1.646897865482869e9	1.1674377849141273
1.6627744146486335e9	1.1762499053332918
1.6788040181225588e9	1.1855047487774533
1.6949881513903444e9	1.195222494672326
1.7113283041617844e9	1.2054249295685746
1.7278259805078661e9	1.2161346140907263
1.744482698999256e9	1.2273747621439663
1.7612999928460524e9	1.2391711503181058
1.7782794100389228e9	1.2515481984121337
1.7954225134915903e9	1.2645329237096443
1.812730881184697e9	1.2781534206042635
1.830206106311053e9	1.2924388258366457
1.847849797422287e9	1.3074192298543983
1.8656635785769148e9	1.3231262544145832
1.8836490894898021e9	1.3395929876899149
1.9018079856831396e9	1.3568538992612766
1.920141938638801e9	1.3749444922371223
1.9386526359522057e9	1.393902092924355
1.9573417814876575e9	1.4137662166990987
1.9762110955351903e9	1.4345767118617583
1.9952623149688828e9	1.4563758688366184
2.0144971934067833e9	1.4792085195559652
2.033917501372293e9	1.5031196788083943
2.0535250264571462e9	1.528157340743491
2.073321573485954e9	1.5543718927702388
2.0933089646823347e9	1.5818145412101112
2.1134890398366432e9	1.610539732406147
2.1338636564753218e9	1.640603871177054
2.1544346900318866e9	1.6720649584269411
2.1752040340195246e9	1.7049858019040305
2.1961736002054367e9	1.7394284205364563
2.2173453187867785e9	1.7754600419862498
2.238721138568338e9	1.8131495832325748
2.260303027141917e9	1.8525674808507395
2.2820929710674553e9	1.8937934203104325
2.3040929760558496e9	1.936900877499352
2.326305067153629e9	1.9819729285271988
2.3487312889293203e9	2.0290943265228485
2.3713737056616554e9	2.0783533380682404
2.39423440152958e9	2.1298421071670703
2.4173154808041015e9	2.183655432513382
2.4406190680419765e9	2.2398955616625402
2.464147308281276e9	2.2986638423534465
2.4879023672388396e9	2.3600702118005863
2.511886431509582e9	2.424226187082734
2.536101708767827e9	2.491250747070848
2.5605504279704757e9	2.5612649394702958
2.5852348395621886e9	2.634396906729045
2.6101572156825333e9	2.710779009933305
2.6353198503751383e9	2.79055028402585
2.660725059798814e9	2.873853991282293
2.6863751824408107e9	2.9608406388215083
2.71227257933203e9	3.0516661932755467
2.7384196342643614e9	3.146494323785991
2.7648187540101056e9	3.2454936594102137
2.791472368543512e9	3.348841675381615
2.818382931264449e9	3.4567214323907915
2.8455529192242384e9	3.5693267701630447
2.8729848333536687e9	3.686854782119334
2.9006811986931562e9	3.809516691848702
2.9286445646252375e9	3.9375262668013287
2.956877505109187e9	4.071112339499482
2.9853826189179573e9	4.210508336486935
3.014162529877386e9	4.35596034653076
3.0432198871077285e9	4.5077237492842475
3.072557365267452e9	4.6660646161010835
3.1021776647995043e9	4.8312617881432365
3.132083512179837e9	5.003602227771609
3.1622776601683793e9	5.183390075517031
3.1927628880624247e9	5.370936736726933
3.2235420019524593e9	5.566570975298934
3.2546178349804535e9	5.770633642331026
3.2859932476006474e9	5.983479142937221
3.3176711278428617e9	6.2054799338061555
3.3496543915782795e9	6.437019873469924
3.3819459827879257e9	6.678503007590626
3.4145488738336005e9	6.930348312667301
3.447466065731491e9	7.192991318672454
3.480700588428406e9	7.466891801892359
3.5142555010806913e9	7.752520739237547
3.5481338923357606e9	8.050374740359567
3.5823388806164804e9	8.360971080921583
3.616873614408161e9	8.684846093094773
3.651741272548377e9	9.02256221663208
3.686945064519573e9	9.374703727187299
3.72248823074449e9	9.741878921942453
3.7583740428844357e9	10.124728424098164
3.794605804140434e9	10.523910784836312
3.831186849557293e9	10.940117195868163
3.868120546330525e9	11.374072480651785
3.905410294116381e9	11.826524279025161
3.94305952534472e9	12.298256112861873
3.9810717055349693e9	12.79009074878187
4.0194503336151195e9	13.302875166107412
4.0581989422438073e9	13.837499023372894
4.0973210981354218e9	14.394892791211484
4.136820402388511e9	14.976020114216963
4.17670049081719e9	15.581887526830355
4.2169650342858224e9	16.213556751321057
4.2576177390469155e9	16.872115630114056
4.298662347082273e9	17.558710901093022
4.340102636447432e9	18.274538583239018
4.381942421619428e9	19.020842709952095
4.424185553847923e9	19.798922128991517
4.466835921509635e9	20.61013352420169
4.509897450466355e9	21.45589194283716
4.553374104426249e9	22.337670771383593
4.597269885308718e9	23.257008401290925
4.641588833612773e9	24.215516784809168
4.686335028788963e9	25.214866088369252
4.731512589614813e9	26.256805895913434
4.777125674574048e9	27.3431625891426
4.823178482239309e9	28.475840640353532
4.869675251658631e9	29.6568251530509
4.916620262745641e9	30.888189474663093
4.964017836673511e9	32.17210104994787
5.011872336272715e9	33.51081546385051
5.060188166432613e9	34.906689981542705
5.108969774506935e9	36.3621816173028
5.158221650723061e9	37.8798701299086
5.207948328595465e9	39.462423896017405
5.258154385342927e9	41.11264367278731
5.308844442309879e9	42.83344903702085
5.360023165391785e9	44.62789284315468
5.411695265464648e9	46.49915283792461
5.463865498818551e9	48.45055186113509
5.516538667595586e9	50.48555337552421
5.569719620231798e9	52.607794819183034
5.623413251903491e9	54.82103999241656
5.677624504977817e9	57.1292402667649
5.732358369467708e9	59.53651590381954
5.787619883491197e9	62.04717314361047
5.843414133735163e9	64.66570201502158
5.899746255923572e9	67.39679379135238
5.95662143529011e9	70.24534671375787
6.014044907055617e9	73.21647704155407
6.0720219569098835e9	76.31553086038744
6.130557921498202e9	79.54808187549123
6.189658188912597e9	82.9199577414589
6.249328199187811e9	86.4372427879112
6.309573444801943e9	90.10629547779739
6.37039947118217e9	93.93375134614942
6.431811877215091e9	97.92654280739218
6.493816315762114e9	102.09191114501252
6.556418494179785e9	106.43741694145928
6.619624174845145e9	110.9709731348838
6.683439175686135e9	115.70082240241854
6.747869370717123e9	120.63558817732779
6.812920690579622e9	125.78427750206282
6.878599123088081e9	131.15629829332232
6.944910713781214e9	136.7614851242981
7.011861566478363e9	142.61010381897796
7.079457843841373e9	148.71288374179167
7.147705767941846e9	155.08103492905656
7.216611620833899e9	161.72626866670507
7.286181745132289e9	168.66082529601212
7.356422544596421e9	175.89749502589163
7.427340484719672e9	183.44963372421688
7.498942093324558e9	191.3312049940489
7.571233961163601e9	199.55679890605794
7.644222742525994e9	208.14166038052875
7.717915155850112e9	217.101728593532
7.792317984341925e9	226.4536493786938
7.86743807659941e9	236.2148244386111
7.943282347242822e9	246.40344037690957
8.019857777551352e9	257.03850388170565
8.097171416105618e9	268.1398762272871
8.175230379436493e9	279.72833673780934
8.254041852680173e9	291.82557392279114
8.333613090239576e9	304.45427370585
8.413951416451964e9	317.63814795924634
8.4950642262633295e9	331.4019817692757
8.576958985908946e9	345.7716825446462
8.659643233600653e9	360.7743362911749
8.743124580220732e9	376.4382553841975
8.82741071002246e9	392.79303430789156
8.91250938133744e9	409.8696156237475
8.998428427289726e9	427.7003473471608
9.08517575651688e9	446.3190478597158
9.172759353897804e9	465.76107039356816
9.261187281287937e9	486.06339934503575
9.350467678261196e9	507.26467254347955
9.440608762859226e9	529.4053035347633
9.531618832347862e9	552.5275491260562
9.623506263980907e9	576.6755930274855
9.716279515771078e9	601.895635323933
9.809947127268784e9	628.2359847708293
9.904517720348015e9	655.747164045546
1.e10	684.4819987386022
1.0096402755134481e10	714.4957299359575
1.0193734859388716e10	745.8461302534553
1.0292005271944265e10	778.5936167254669
1.039122303835167e10	812.8013736990331
1.0491397291363113e10	848.5354806678122
1.0592537251772898e10	885.8650402446635
1.069465222926645e10	924.8623638811426
1.0797751623277094e10	965.6030237623254
1.0901844923851267e10	1008.166095307973
1.1006941712522081e10	1052.6342835040766
1.1113051663191305e10	1099.0940939706927
1.1220184543019653e10	1147.6360101601692
1.1328350213326096e10	1198.3546782127323
1.1437558630495388e10	1251.3490995003076
1.1547819846894583e10	1306.722841354415
1.1659144011798311e10	1364.5842375143354
1.1771541372323017e10	1425.0466104820218
1.1885022274370165e10	1488.2285146195459
1.1999597163578562e10	1554.2539726071818
1.21152765862859e10	1623.2527310444243
1.2232071190499325e10	1695.3605272793054
1.234999172687585e10	1770.7193684608328
1.246904904971174e10	1849.4778220036726
1.2589254117941662e10	1931.7913364110188
1.2710617996147432e10	2017.822546933798
1.2833151855576538e10	2107.741594886217
1.2956866975170216e10	2201.7265160685283
1.3081774742601955e10	2299.96358854918
1.3207886655325506e10	2402.64772024181
1.333521432163324e10	2509.9828526814676
1.3463769461724665e10	2622.182383545908
1.3593563908785242e10	2739.4696088772494
1.3724609610075598e10	2862.0781849314403
1.3856918628031244e10	2990.252624264551
1.3990503141372957e10	3124.248787838117
1.4125375446227554e10	3264.3344167364394
1.4261547957260084e10	3410.7897042359223
1.4399033208816326e10	3563.9078693633833
1.4537843856076607e10	3723.995768729199
1.4677992676220675e10	3891.3745362336117
1.4819492569603878e10	4066.380252813727
1.4962356560944359e10	4249.364647689245
1.5106597800522312e10	4440.6958323563595
1.5252229565390198e10	4640.759066245877
1.539926526059492e10	4849.957590442327
1.5547718420411726e10	5068.713428224081
1.569760270959001e10	5297.4682744745405
1.5848931924611109e10	5536.684453001115
1.6001719994958244e10	5786.845863635449
1.6155980984398762e10	6048.45899948934
1.6311729092278397e10	6322.054010080477
1.646897865482869e10	6608.18581446082
1.6627744146486336e10	6907.4352669231175
1.678804018122559e10	7220.41037780609
1.6949881513903442e10	7547.747591928141
1.7113283041617846e10	7890.113126651151
1.7278259805078663e10	8248.204378139655
1.7444826989992558e10	8622.75140706451
1.7612999928460526e10	9014.5184170124
1.778279410038923e10	9424.305434357428
1.79542251349159e10	9852.949964746236
1.812730881184697e10	10301.328764419955
1.830206106311053e10	10770.35969207423
1.847849797422287e10	11261.003648212798
1.865663578576915e10	11774.266606367011
1.883649089489802e10	12311.201740580917
1.9018079856831398e10	12872.911653733732
1.9201419386388012e10	13460.550711427255
1.9386526359522057e10	14075.327486174943
1.9573417814876575e10	14718.507314827588
1.9762110955351902e10	15391.4149998562
1.9952623149688828e10	16095.437627391255
2.0144971934067833e10	16832.027410715153
2.033917501372293e10	17602.704903210004
2.053525026457146e10	18409.062165089123
2.073321573485954e10	19252.766152271408
2.0933089646823345e10	20135.562259835806
2.1134890398366432e10	21059.278033133432
2.1338636564753216e10	22025.827054998525
2.1544346900318867e10	23037.213017529815
2.1752040340195244e10	24095.533987249837
2.1961736002054367e10	25202.986872857713
2.2173453187867786e10	26361.872105201855
2.2387211385683376e10	27574.59853954308
2.260303027141917e10	28843.68859052071
2.2820929710674557e10	30171.78360963242
2.3040929760558495e10	31561.64952762157
2.3263050671536285e10	33016.18278070908
2.34873128892932e10	34538.416400322436
2.3713737056616554e10	36131.5265991792
2.3942344015295803e10	37798.83950677789
2.417315480804101e10	39543.838282829485
2.440619068041976e10	41370.170563602274
2.4641473082812763e10	43281.656261894925
2.4879023672388397e10	45282.295737818014
2.511886431509582e10	47376.27835810029
2.536101708767827e10	49567.991462448634
2.5605504279704754e10	51862.029756329895
2.5852348395621887e10	54263.20515049279
2.6101572156825333e10	56776.55706848753
2.6353198503751385e10	59407.363244457105
2.660725059798814e10	62161.15103449843
2.6863751824408104e10	65043.70926595331
2.7122725793320297e10	68061.10064975366
2.7384196342643612e10	71219.67477917502
2.764818754010106e10	74526.08177225475
2.791472368543512e10	77987.2866097579
2.8183829312644493e10	81610.58382002989
2.8455529192242382e10	85403.61344600162
2.8729848333536686e10	89374.3773117112
2.900681198693156e10	93531.25622460489
2.9286445646252373e10	97883.02798151776
2.9568775051091873e10	102438.88623018467
2.9853826189179573e10	107208.46022797347
3.0141625298773857e10	112201.83554070837
3.0432198871077286e10	117429.5757263672
3.072557365267452e10	122902.74505051853
3.1021776647995045e10	128632.93228262823
3.132083512179837e10	134632.27562461456
3.1622776601683792e10	140913.4888255474
3.192762888062425e10	147489.88853890164
3.2235420019524593e10	154375.42298146198
3.2546178349804535e10	161584.70195578548
3.2859932476006474e10	169133.02830105653
3.3176711278428616e10	177036.43084023494
3.3496543915782795e10	185311.69889456884
3.3819459827879257e10	193976.4184398009
3.4145488738336006e10	203049.0099806464
3.447466065731491e10	212548.7681689935
3.480700588428406e10	222495.9037505522
3.5142555010806915e10	232911.58629834416
3.5481338923357605e10	243817.99062872917
3.58233888061648e10	255238.34421408625
3.616873614408161e10	267196.9772984318
3.651741272548377e10	279719.37533593806
3.686945064519573e10	292832.2339215937
3.72248823074449e10	306563.5163335374
3.758374042884435e10	320942.51381129224
3.7946058041404335e10	335999.9086998049
3.831186849557293e10	351767.8405953623
3.868120546330525e10	368279.9756357991
3.905410294116381e10	385571.57908431534
3.94305952534472e10	403679.59136302915
3.981071705534969e10	422642.7077000062
4.01945033361512e10	442501.4615611091
4.058198942243807e10	463298.3120461735
4.097321098135422e10	485077.7354373928
4.136820402388512e10	507886.3210969058
4.1767004908171906e10	531772.8719195204
4.216965034285822e10	556788.5095565615
4.2576177390469154e10	582986.7846368494
4.298662347082272e10	610423.7922214988
4.340102636447431e10	639158.2927404174
4.3819424216194275e10	669251.8386700186
4.424185553847923e10	700768.9072238966
4.466835921509635e10	733777.0393407713
4.509897450466355e10	768346.9852671027
4.553374104426248e10	804552.8570412039
4.597269885308718e10	842472.2880594719
4.641588833612772e10	882186.6014576718
4.686335028788963e10	923780.9830164042
4.7315125896148125e10	967344.6670210841
4.777125674574048e10	1.0129711274549222e6
4.823178482239309e10	1.0607582795245098e6
4.869675251658631e10	1.1108086905734253e6
4.9166202627456406e10	1.1632298009859442e6
4.964017836673511e10	1.2181341555564299e6
5.011872336272715e10	1.2756396458189797e6
5.060188166432613e10	1.3358697638545937e6
5.108969774506934e10	1.3989538681173376e6
5.1582216507230606e10	1.4650274618460971e6
5.207948328595465e10	1.5342324846556315e6
5.2581543853429276e10	1.6067176179275026e6
5.308844442309879e10	1.6826386046514576e6
5.360023165391785e10	1.7621585843976634e6
5.4116952654646484e10	1.8454484441323148e6
5.463865498818551e10	1.9326871856221254e6
5.5165386675955864e10	2.024062310208788e6
5.569719620231798e10	2.119770221769833e6
5.6234132519034904e10	2.2200166487214714e6
5.677624504977816e10	2.325017085958445e6
5.732358369467708e10	2.4349972576676896e6
5.787619883491197e10	2.5501936019963757e6
5.843414133735163e10	2.670853778600592e6
5.899746255923572e10	2.797237200148634e6
5.956621435290109e10	2.9296155889027617e6
6.0140449070556175e10	3.068273559556414e6
6.072021956909884e10	3.2135092295569014e6
6.130557921498202e10	3.365634858202639e6
6.189658188912597e10	3.524977515862568e6
6.249328199187811e10	3.691879784728792e6
6.3095734448019424e10	3.866700492577842e6
6.37039947118217e10	4.0498154810864455e6
6.431811877215091e10	4.24161841031643e6
6.493816315762113e10	4.442521601060917e6
6.556418494179785e10	4.652956916820615e6
6.6196241748451454e10	4.873376687261364e6
6.683439175686135e10	5.10425467508968e6
6.747869370717123e10	5.346087088371778e6
6.812920690579622e10	5.59939364041296e6
6.878599123088081e10	5.864718659367374e6
6.944910713781213e10	6.142632250465433e6
7.011861566478363e10	6.433731511356685e6
7.079457843841373e10	6.738641806265086e6
7.147705767941846e10	7.058018098868385e6
7.216611620833897e10	7.3925463478444815e6
7.286181745132289e10	7.742944967872409e6
7.356422544596422e10	8.109966359069404e6
7.427340484719673e10	8.494398508046456e6
7.498942093324559e10	8.897066663909376e6
7.571233961163602e10	9.318835092680037e6
7.644222742525995e10	9.760608913773572e6
7.717915155850111e10	1.0223336022332126e7
7.792317984341924e10	1.070800910139079e7
7.86743807659941e10	1.121566772803152e7
7.943282347242822e10	1.1747400577870717e7
8.019857777551352e10	1.2304347732426472e7
8.097171416105618e10	1.2887703094114332e7
8.175230379436493e10	1.3498716913839582e7
8.254041852680173e10	1.41386984363798e7
8.333613090239577e10	1.4809018668985993e7
8.413951416451965e10	1.5511113278876208e7
8.49506422626333e10	1.6246485625558222e7
8.576958985908946e10	1.7016709934176996e7
8.659643233600653e10	1.7823434616372127e7
8.743124580220732e10	1.8668385745419e7
8.827410710022461e10	1.9553370692733392e7
8.91250938133744e10	2.048028193314057e7
8.998428427289726e10	2.1451101026639767e7
9.085175756516881e10	2.2467902784747202e7
9.172759353897803e10	2.3532859629859064e7
9.261187281287938e10	2.4648246156462934e7
9.350467678261195e10	2.5816443903409168e7
9.440608762859225e10	2.7039946346880432e7
9.531618832347862e10	2.832136412411839e7
9.623506263980907e10	2.966343049842255e7
9.716279515771077e10	3.1069007076396845e7
9.809947127268784e10	3.254108978892609e7
9.904517720348015e10	3.408281514784941e7
1.e11	3.569746679085455e7
1.0096402755134482e11	3.738848232765833e7
1.0193734859388716e11	3.915946050112121e7
1.0292005271944264e11	4.101416867755094e7
1.039122303835167e11	4.29565506810745e7
1.0491397291363069e11	4.499073498761847e7
1.0592537251772897e11	4.712104329472485e7
1.0694652229266452e11	4.935199948412922e7
1.0797751623277094e11	5.16883389948011e7
1.0901844923851268e11	5.4135018624882564e7
1.1006941712522125e11	5.669722678180366e7
1.1113051663191304e11	5.9380394200672805e7
1.1220184543019653e11	6.2190205151939705e7
1.1328350213326096e11	6.513260916020753e7
1.1437558630495389e11	6.82138332570608e7
1.1547819846894582e11	7.144039479174843e7
1.1659144011798311e11	7.48191148245846e7
1.1771541372323016e11	7.835713212902914e7
1.1885022274370164e11	8.206191782951428e7
1.1999597163578563e11	8.594129070323865e7
1.2115276586285852e11	9.000343317539467e7
1.2232071190499326e11	9.425690803852974e7
1.2349991726875851e11	9.871067592805147e7
1.2469049049711742e11	1.0337411358729939e8
1.2589254117941661e11	1.082570329569652e8
1.2710617996147484e11	1.1336970112516846e8
1.2833151855576538e11	1.1872286117599729e8
1.2956866975170216e11	1.2432775397599372e8
1.3081774742601955e11	1.3019614093960963e8
1.3207886655325507e11	1.3634032781649637e8
1.333521432163324e11	1.42773189545241e8
1.3463769461724666e11	1.4950819622001418e8
1.3593563908785242e11	1.5655944021855786e8
1.3724609610075597e11	1.639416645417947e8
1.3856918628031244e11	1.7167029241954353e8
1.39905031413729e11	1.797614582313011e8
1.4125375446227554e11	1.8823203980532438e8
1.4261547957260086e11	1.9709969215531892e8
1.4399033208816327e11	2.0638288271048504e8
1.4537843856076605e11	2.1610092810836837e8
1.4677992676220737e11	2.262740326157053e8
1.481949256960388e11	2.369233282469575e8
1.4962356560944357e11	2.4807091665295833e8
1.510659780052231e11	2.5973991285492113e8
1.5252229565390198e11	2.719544909021528e8
1.539926526059492e11	2.8473993153491336e8
1.5547718420411728e11	2.981226719371084e8
1.569760270959001e11	3.121303576668069e8
1.5848931924611108e11	3.267918968561545e8
1.6001719994958246e11	3.4213751677566576e8
1.6155980984398697e11	3.5819882286181194e8
1.6311729092278397e11	3.7500886031046e8
1.646897865482869e11	3.9260217834278625e8
1.6627744146486334e11	4.110148972544149e8
1.678804018122559e11	4.3028477836261845e8
1.6949881513903513e11	4.504512969710258e8
1.7113283041617847e11	4.7155571847550815e8
1.7278259805078662e11	4.936411777398411e8
1.744482698999256e11	5.167527618743276e8
1.7612999928460526e11	5.409375965556213e8
1.7782794100389227e11	5.662449360310633e8
1.7954225134915903e11	5.927262569560405e8
1.8127308811846967e11	6.20435356218358e8
1.8302061063110532e11	6.49428452909105e8
1.847849797422287e11	6.797642946050918e8
1.8656635785769073e11	7.11504268134105e8
1.883649089489802e11	7.447125149998449e8
1.9018079856831396e11	7.794560516498812e8
1.920141938638801e11	8.158048947761353e8
1.9386526359522058e11	8.538321918438641e8
1.9573417814876657e11	8.936143570518382e8
1.9762110955351904e11	9.352312129330939e8
1.9952623149688828e11	9.787661378125496e8
2.0144971934067834e11	1.0243062193449606e9
2.033917501372293e11	1.0719424143635856e9
2.053525026457146e11	1.1217697152777946e9
2.073321573485954e11	1.1738873232646008e9
2.0933089646823346e11	1.2283988285072956e9
2.1134890398366434e11	1.285412397741606e9
2.1338636564753217e11	1.3450409693778563e9
2.1544346900318777e11	1.4074024564753134e9
2.1752040340195245e11	1.4726199578527231e9
2.1961736002054367e11	1.5408219776272607e9
2.2173453187867786e11	1.612142653482473e9
2.2387211385683377e11	1.6867219939722893e9
2.2603030271419263e11	1.7647061251785307e9
2.2820929710674554e11	1.846247547045624e9
2.3040929760558493e11	1.931505399724697e9
2.3263050671536285e11	2.0206457402676423e9
2.3487312889293204e11	2.1138418300181196e9
2.3713737056616553e11	2.2112744330568485e9
2.3942344015295804e11	2.313132126061604e9
2.4173154808041013e11	2.4196116199551735e9
2.4406190680419763e11	2.5309180937162895e9
2.4641473082812762e11	2.6472655407381735e9
2.4879023672388297e11	2.7688771281255445e9
2.5118864315095822e11	2.895985569324981e9
2.5361017087678268e11	3.0288335104905415e9
2.5605504279704755e11	3.1676739309919195e9
2.5852348395621887e11	3.3127705584725246e9
2.610157215682544e11	3.4643982988753796e9
2.6353198503751385e11	3.6228436818489747e9
2.660725059798814e11	3.7884053219539266e9
2.6863751824408105e11	3.961394396087227e9
2.7122725793320297e11	4.142135137544561e9
2.7384196342643613e11	4.330965347133328e9
2.7648187540101056e11	4.528236921753612e9
2.791472368543512e11	4.734316400852151e9
2.8183829312644495e11	4.949585531153377e9
2.845552919224238e11	5.17444185006088e9
2.8729848333536566e11	5.4092992881110935e9
2.900681198693156e11	5.654588790852094e9
2.9286445646252374e11	5.910758960501732e9
2.956877505109187e11	6.178276717722567e9
2.985382618917957e11	6.457627983830636e9
3.014162529877398e11	6.74931838373324e9
3.043219887107728e11	7.053873969855844e9
3.072557365267452e11	7.371841967297888e9
3.1021776647995044e11	7.7037915404138e9
3.132083512179837e11	8.050314580973396e9
3.1622776601683795e11	8.412026518021724e9
3.192762888062425e11	8.789567149500097e9
3.223542001952459e11	9.183601495630127e9
3.2546178349804535e11	9.59482067401046e9
3.2859932476006476e11	1.0023942796303072e10
3.317671127842848e11	1.0471713886303118e10
3.3496543915782794e11	1.0938908819113209e10
3.3819459827879254e11	1.1426332281037762e10
3.4145488738336005e11	1.193481974972564e10
3.447466065731491e11	1.246523849396315e10
3.4807005884284204e11	1.3018488592405146e10
3.5142555010806915e11	1.3595503970397003e10
3.5481338923357605e11	1.4197253453885868e10
3.582338880616481e11	1.4824741839277647e10
3.616873614408161e11	1.5479010977898497e10
3.651741272548377e11	1.616114087354128e10
3.6869450645195734e11	1.6872250791380667e10
3.7224882307444904e11	1.761350037629466e10
3.7583740428844354e11	1.8386090778398613e10
3.794605804140434e11	1.919126578333519e10
3.831186849557277e11	2.0030312944574535e10
3.868120546330525e11	2.090456471464978e10
3.905410294116381e11	2.1815399571956547e10
3.94305952534472e11	2.276424313934785e10
3.9810717055349695e11	2.375256929034958e10
4.019450333615136e11	2.4781901238460537e10
4.0581989422438074e11	2.5853812604458824e10
4.097321098135422e11	2.696992845619827e10
4.1368204023885114e11	2.8131926314835968e10
4.1767004908171906e11	2.9341537120818665e10
4.216965034285823e11	3.060054615236415e10
4.257617739046915e11	3.1910793888554405e10
4.2986623470822723e11	3.3274176808284298e10
4.340102636447431e11	3.469264811571888e10
4.3819424216194275e11	3.616821838193727e10
4.424185553847905e11	3.7702956091654976e10
4.466835921509635e11	3.929898808278348e10
4.509897450466355e11	4.095849986578813e10
4.553374104426248e11	4.268373580850777e10
4.597269885308718e11	4.447699917085937e10
4.641588833612792e11	4.634065197287033e10
4.6863350287889636e11	4.827711467769735e10
4.7315125896148126e11	5.02888656701176e10
4.7771256745740485e11	5.2378440509250244e10
4.823178482239309e11	5.454843093262236e10
4.869675251658631e11	5.680148358677381e10
4.916620262745641e11	5.914029845779628e10
4.964017836673511e11	6.156762697305722e10
5.011872336272715e11	6.408626974283005e10
5.060188166432613e11	6.669907390877257e10
5.108969774506914e11	6.940893006295273e10
5.158221650723061e11	7.221876869877602e10
5.207948328595465e11	7.513155615214342e10
5.258154385342927e11	7.815028998786923e10
5.308844442309879e11	8.127799378322838e10
5.3600231653918066e11	8.451771125672739e10
5.4116952654646484e11	8.78724996863717e10
5.463865498818551e11	9.13454225576745e10
5.516538667595586e11	9.493954137707451e10
5.569719620231798e11	9.865790658177666e10
5.623413251903491e11	1.0250354747207997e11
5.677624504977816e11	1.0647946108685072e11
5.732358369467708e11	1.1058859993671718e11
5.787619883491198e11	1.1483385850397672e11
5.843414133735164e11	1.1921805841123544e11
5.899746255923547e11	1.2374393215390329e11
5.95662143529011e11	1.2841410528404985e11
6.014044907055618e11	1.332310769254834e11
6.072021956909884e11	1.3819719849115002e11
6.130557921498202e11	1.4331465046457123e11
6.189658188912622e11	1.4858541709802017e11
6.249328199187811e11	1.5401125886879007e11
6.309573444801943e11	1.5959368252527808e11
6.37039947118217e11	1.6533390854097208e11
6.431811877215092e11	1.7123283578340387e11
6.493816315762113e11	1.772910031911803e11
6.556418494179785e11	1.835085482373367e11
6.619624174845145e11	1.8988516194291962e11
6.683439175686135e11	1.9642004018794778e11
6.747869370717123e11	2.0311183104947592e11
6.812920690579595e11	2.0995857787778958e11
6.878599123088081e11	2.1695765780380017e11
6.944910713781215e11	2.2410571534571857e11
7.011861566478363e11	2.313985907667683e11
7.079457843841373e11	2.3883124280456512e11
7.147705767941875e11	2.4639766537422055e11
7.216611620833898e11	2.540907978159265e11
7.286181745132289e11	2.6190242822963248e11
7.356422544596421e11	2.6982308941015564e11
7.427340484719673e11	2.778419468626044e11
7.498942093324558e11	2.859466783411799e11
7.571233961163601e11	2.9412334432154767e11
7.644222742525994e11	3.0235624877407806e11
7.717915155850111e11	3.106277895625675e11
7.792317984341924e11	3.189182977541871e11
7.867438076599377e11	3.272058650683071e11
7.943282347242821e11	3.354661586535713e11
8.019857777551353e11	3.4367222231829114e11
8.097171416105618e11	3.51794263287021e11
8.175230379436493e11	3.597994234931944e11
8.254041852680206e11	3.6765153435526074e11
8.333613090239576e11	3.753108539095718e11
8.413951416451964e11	3.827337851028201e11
8.49506422626333e11	3.8987257397325745e11
8.576958985908945e11	3.966749863510214e11
8.659643233600653e11	4.030839616406e11
8.743124580220731e11	4.0903724213448596e11
8.827410710022461e11	4.144669762197958e11
8.91250938133744e11	4.192992937285638e11
8.998428427289725e11	4.234538515602926e11
9.085175756516843e11	4.268433476055316e11
9.172759353897804e11	4.2937300084772955e11
9.261187281287937e11	4.309399953987501e11
9.350467678261195e11	4.314328860675529e11
9.440608762859226e11	4.3073096292787695e11
9.531618832347902e11	4.287035721499951e11
9.623506263980907e11	4.252093902251538e11
9.716279515771078e11	4.20095648509247e11
9.809947127268784e11	4.1319730479840063e11
9.904517720348015e11	4.0433615847631647e11
1.e12	3.933199055170919e11