Small network of reactions H,D,T,He3,He4,Be7,Li7 09/05/2018 updated
!==================================================================================
! T9 grid = CF88 = NACRE = ...
! 1ere ligne : *- ..... = code de la reaction
! 2eme ligne : *% ..... = reference
! 3eme ligne :    Q, rev ratio : ca*T9**ce*exp(cb/T9) 
! ligne 4 a 63 : t9, exp(mu), exp(sigma) commencent par '  ' !!
! exp(mu) = sqrt(svh*svl), exp(sigma) = sqrt(svh/svl) calacule par bru2cdg.f 
!==================================================================================
*- n + p > d + g ;
*%And06
! Ando et al. PRC 74 (2006) 025809 A. Coc 12/09/06 -> 20/07/07  
! Calcule avec npg_sv.f dans /Users/acoc/phys/netw2010
   2.22457 4.71614e+09 1.5 -25.815 
     0.001    4.4140E+04    1.0045E+00
     0.002    4.4065E+04    1.0045E+00
     0.003    4.3990E+04    1.0045E+00
     0.004    4.3916E+04    1.0045E+00
     0.005    4.3842E+04    1.0045E+00
     0.006    4.3769E+04    1.0045E+00
     0.007    4.3696E+04    1.0045E+00
     0.008    4.3624E+04    1.0045E+00
     0.009    4.3552E+04    1.0045E+00
     0.010    4.3481E+04    1.0045E+00
     0.011    4.3410E+04    1.0045E+00
     0.012    4.3340E+04    1.0045E+00
     0.013    4.3270E+04    1.0045E+00
     0.014    4.3200E+04    1.0045E+00
     0.015    4.3131E+04    1.0045E+00
     0.016    4.3062E+04    1.0045E+00
     0.018    4.2926E+04    1.0045E+00
     0.020    4.2792E+04    1.0045E+00
     0.025    4.2463E+04    1.0045E+00
     0.030    4.2143E+04    1.0045E+00
     0.040    4.1531E+04    1.0045E+00
     0.050    4.0953E+04    1.0046E+00
     0.060    4.0405E+04    1.0046E+00
     0.070    3.9886E+04    1.0046E+00
     0.080    3.9391E+04    1.0046E+00
     0.090    3.8921E+04    1.0046E+00
     0.100    3.8472E+04    1.0046E+00
     0.110    3.8044E+04    1.0046E+00
     0.120    3.7635E+04    1.0046E+00
     0.130    3.7243E+04    1.0046E+00
     0.140    3.6868E+04    1.0046E+00
     0.150    3.6508E+04    1.0046E+00
     0.160    3.6162E+04    1.0046E+00
     0.180    3.5511E+04    1.0046E+00
     0.200    3.4908E+04    1.0046E+00
     0.250    3.3579E+04    1.0045E+00
     0.300    3.2458E+04    1.0045E+00
     0.350    3.1502E+04    1.0045E+00
     0.400    3.0681E+04    1.0045E+00
     0.450    2.9969E+04    1.0044E+00
     0.500    2.9351E+04    1.0044E+00
     0.600    2.8338E+04    1.0044E+00
     0.700    2.7560E+04    1.0044E+00
     0.800    2.6962E+04    1.0044E+00
     0.900    2.6504E+04    1.0044E+00
     1.000    2.6158E+04    1.0044E+00
     1.250    2.5657E+04    1.0045E+00
     1.500    2.5517E+04    1.0046E+00
     1.750    2.5615E+04    1.0048E+00
     2.000    2.5873E+04    1.0049E+00
     2.500    2.6696E+04    1.0053E+00
     3.000    2.7756E+04    1.0056E+00
     3.500    2.8937E+04    1.0058E+00
     4.000    3.0176E+04    1.0061E+00
     5.000    3.2699E+04    1.0064E+00
     6.000    3.5177E+04    1.0067E+00
     7.000    3.7553E+04    1.0069E+00
     8.000    3.9810E+04    1.0071E+00
     9.000    4.1943E+04    1.0072E+00
    10.000    4.3957E+04    1.0074E+00
===================================================================================
*- d + p > He3 + g ;
*%Ili16
 5.4935 1.63351E+10 1.5 -63.7491
    0.0010    1.379E-11    1.037E+00
    0.0020    1.906E-08    1.037E+00
    0.0030    6.175E-07    1.037E+00
    0.0040    5.464E-06    1.037E+00
    0.0050    2.557E-05    1.037E+00
    0.0060    8.262E-05    1.037E+00
    0.0070    2.101E-04    1.037E+00
    0.0080    4.529E-04    1.037E+00
    0.0090    8.655E-04    1.037E+00
    0.0100    1.510E-03    1.037E+00
    0.0110    2.456E-03    1.037E+00
    0.0120    3.773E-03    1.037E+00
    0.0130    5.538E-03    1.037E+00
    0.0140    7.825E-03    1.037E+00
    0.0150    1.071E-02    1.037E+00
    0.0160    1.427E-02    1.037E+00
    0.0180    2.368E-02    1.037E+00
    0.0200    3.662E-02    1.037E+00
    0.0250    8.760E-02    1.037E+00
    0.0300    1.702E-01    1.037E+00
    0.0400    4.480E-01    1.037E+00
    0.0500    8.922E-01    1.037E+00
    0.0600    1.511E+00    1.037E+00
    0.0700    2.304E+00    1.037E+00
    0.0800    3.267E+00    1.037E+00
    0.0900    4.395E+00    1.037E+00
    0.1000    5.680E+00    1.037E+00
    0.1100    7.115E+00    1.037E+00
    0.1200    8.693E+00    1.037E+00
    0.1300    1.041E+01    1.037E+00
    0.1400    1.225E+01    1.037E+00
    0.1500    1.421E+01    1.037E+00
    0.1600    1.629E+01    1.037E+00
    0.1800    2.078E+01    1.037E+00
    0.2000    2.567E+01    1.037E+00
    0.2500    3.945E+01    1.037E+00
    0.3000    5.510E+01    1.037E+00
    0.3500    7.231E+01    1.037E+00
    0.4000    9.084E+01    1.037E+00
    0.4500    1.105E+02    1.037E+00
    0.5000    1.311E+02    1.037E+00
    0.6000    1.749E+02    1.037E+00
    0.7000    2.215E+02    1.037E+00
    0.8000    2.703E+02    1.037E+00
    0.9000    3.211E+02    1.037E+00
    1.0000    3.734E+02    1.037E+00
    1.2500    5.101E+02    1.037E+00
    1.5000    6.534E+02    1.037E+00
    1.7500    8.017E+02    1.037E+00
    2.0000    9.540E+02    1.037E+00
    2.5000    1.268E+03    1.037E+00
    3.0000    1.590E+03    1.037E+00
    3.5000    1.916E+03    1.037E+00
    4.0000    2.241E+03    1.037E+00
    5.0000    2.905E+03    1.040E+00
    6.0000    3.557E+03    1.042E+00
    7.0000    4.194E+03    1.044E+00
    8.0000    4.812E+03    1.046E+00
    9.0000    5.410E+03    1.047E+00
   10.0000    5.988E+03    1.049E+00
#%Deut2016
# Deut2016 = Deut2015 but with integration starting at 0 keV 
# 5.493 1.6349E+10 1.5 -63.7518
#     0.001    1.4048E-11    1.0379E+00
#     0.002    1.9167E-08    1.0379E+00
#     0.003    6.1807E-07    1.0379E+00
#     0.004    5.4625E-06    1.0379E+00
#     0.005    2.5557E-05    1.0379E+00
#     0.006    8.2553E-05    1.0379E+00
#     0.007    2.0995E-04    1.0379E+00
#     0.008    4.5253E-04    1.0379E+00
#     0.009    8.6485E-04    1.0379E+00
#     0.010    1.5092E-03    1.0379E+00
#     0.011    2.4538E-03    1.0379E+00
#     0.012    3.7707E-03    1.0379E+00
#     0.013    5.5341E-03    1.0379E+00
#     0.014    7.8194E-03    1.0379E+00
#     0.015    1.0702E-02    1.0379E+00
#     0.016    1.4255E-02    1.0379E+00
#     0.018    2.3663E-02    1.0379E+00
#     0.020    3.6594E-02    1.0379E+00
#     0.025    8.7534E-02    1.0379E+00
#     0.030    1.7009E-01    1.0379E+00
#     0.040    4.4764E-01    1.0379E+00
#     0.050    8.9150E-01    1.0379E+00
#     0.060    1.5096E+00    1.0379E+00
#     0.070    2.3020E+00    1.0379E+00
#     0.080    3.2647E+00    1.0379E+00
#     0.090    4.3916E+00    1.0379E+00
#     0.100    5.6755E+00    1.0379E+00
#     0.110    7.1091E+00    1.0379E+00
#     0.120    8.6851E+00    1.0379E+00
#     0.130    1.0397E+01    1.0379E+00
#     0.140    1.2237E+01    1.0379E+00
#     0.150    1.4199E+01    1.0379E+00
#     0.160    1.6278E+01    1.0379E+00
#     0.180    2.0762E+01    1.0379E+00
#     0.200    2.5650E+01    1.0379E+00
#     0.250    3.9414E+01    1.0379E+00
#     0.300    5.5054E+01    1.0379E+00
#     0.350    7.2248E+01    1.0379E+00
#     0.400    9.0756E+01    1.0379E+00
#     0.450    1.1039E+02    1.0379E+00
#     0.500    1.3101E+02    1.0379E+00
#     0.600    1.7475E+02    1.0379E+00
#     0.700    2.2125E+02    1.0379E+00
#     0.800    2.7001E+02    1.0379E+00
#     0.900    3.2066E+02    1.0379E+00
#     1.000    3.7293E+02    1.0379E+00
#     1.250    5.0932E+02    1.0379E+00
#     1.500    6.5216E+02    1.0379E+00
#     1.750    7.9996E+02    1.0379E+00
#     2.000    9.5173E+02    1.0379E+00
#     2.500    1.2646E+03    1.0379E+00
#     3.000    1.5864E+03    1.0381E+00
#     3.500    1.9138E+03    1.0384E+00
#     4.000    2.2441E+03    1.0389E+00
#     5.000    2.9050E+03    1.0403E+00
#     6.000    3.5570E+03    1.0420E+00
#     7.000    4.1936E+03    1.0438E+00
#     8.000    4.8119E+03    1.0455E+00
#     9.000    5.4103E+03    1.0471E+00
#    10.000    5.9883E+03    1.0485E+00
#*%DAACV04
# 5.493 1.6349E+10 1.5 -63.7518
#     0.001    1.4317E-11    1.0372E+00
#     0.002    1.9830E-08    1.0357E+00
#     0.003    6.4306E-07    1.0344E+00
#     0.004    5.6954E-06    1.0334E+00
#     0.005    2.6676E-05    1.0325E+00
#     0.006    8.6220E-05    1.0317E+00
#     0.007    2.1934E-04    1.0310E+00
#     0.008    4.7283E-04    1.0303E+00
#     0.009    9.0355E-04    1.0297E+00
#     0.010    1.5764E-03    1.0291E+00
#     0.011    2.5617E-03    1.0285E+00
#     0.012    3.9341E-03    1.0280E+00
#     0.013    5.7699E-03    1.0276E+00
#     0.014    8.1462E-03    1.0271E+00
#     0.015    1.1140E-02    1.0268E+00
#     0.016    1.4825E-02    1.0264E+00
#     0.018    2.4563E-02    1.0258E+00
#     0.020    3.7910E-02    1.0253E+00
#     0.025    9.0233E-02    1.0244E+00
#     0.030    1.7449E-01    1.0240E+00
#     0.040    4.5519E-01    1.0240E+00
#     0.050    8.9953E-01    1.0247E+00
#     0.060    1.5128E+00    1.0257E+00
#     0.070    2.2926E+00    1.0268E+00
#     0.080    3.2332E+00    1.0280E+00
#     0.090    4.3271E+00    1.0293E+00
#     0.100    5.5661E+00    1.0306E+00
#     0.110    6.9423E+00    1.0319E+00
#     0.120    8.4478E+00    1.0331E+00
#     0.130    1.0075E+01    1.0343E+00
#     0.140    1.1818E+01    1.0355E+00
#     0.150    1.3669E+01    1.0366E+00
#     0.160    1.5623E+01    1.0376E+00
#     0.180    1.9819E+01    1.0396E+00
#     0.200    2.4366E+01    1.0414E+00
#     0.250    3.7062E+01    1.0452E+00
#     0.300    5.1353E+01    1.0483E+00
#     0.350    6.6946E+01    1.0507E+00
#     0.400    8.3629E+01    1.0527E+00
#     0.450    1.0124E+02    1.0543E+00
#     0.500    1.1965E+02    1.0555E+00
#     0.600    1.5847E+02    1.0575E+00
#     0.700    1.9946E+02    1.0588E+00
#     0.800    2.4221E+02    1.0597E+00
#     0.900    2.8639E+02    1.0602E+00
#     1.000    3.3176E+02    1.0606E+00
#     1.250    4.4925E+02    1.0611E+00
#     1.500    5.7108E+02    1.0612E+00
#     1.750    6.9598E+02    1.0612E+00
#     2.000    8.2312E+02    1.0611E+00
#     2.500    1.0819E+03    1.0612E+00
#     3.000    1.3443E+03    1.0616E+00
#     3.500    1.6081E+03    1.0621E+00
#     4.000    1.8722E+03    1.0627E+00
#     5.000    2.3979E+03    1.0642E+00
#     6.000    2.9168E+03    1.0657E+00
#     7.000    3.4265E+03    1.0668E+00
#     8.000    3.9254E+03    1.0675E+00
#     9.000    4.4125E+03    1.0677E+00
#    10.000    4.8877E+03    1.0676E+00
===================================================================================
*- d + d > He3 + n ;
*%Gom17
 3.2689 1.73183E+00 0. -37.9341
    0.0010    1.322E-08    1.011E+00
    0.0020    5.489E-05    1.011E+00
    0.0030    3.025E-03    1.011E+00
    0.0040    3.737E-02    1.011E+00
    0.0050    2.214E-01    1.011E+00
    0.0060    8.556E-01    1.011E+00
    0.0070    2.508E+00    1.011E+00
    0.0080    6.074E+00    1.011E+00
    0.0090    1.280E+01    1.011E+00
    0.0100    2.427E+01    1.011E+00
    0.0110    4.242E+01    1.011E+00
    0.0120    6.945E+01    1.011E+00
    0.0130    1.078E+02    1.011E+00
    0.0140    1.602E+02    1.011E+00
    0.0150    2.293E+02    1.011E+00
    0.0160    3.183E+02    1.011E+00
    0.0180    5.674E+02    1.011E+00
    0.0200    9.321E+02    1.011E+00
    0.0250    2.507E+03    1.011E+00
    0.0300    5.307E+03    1.011E+00
    0.0400    1.570E+04    1.011E+00
    0.0500    3.373E+04    1.011E+00
    0.0600    6.020E+04    1.011E+00
    0.0700    9.539E+04    1.011E+00
    0.0800    1.392E+05    1.011E+00
    0.0900    1.914E+05    1.011E+00
    0.1000    2.516E+05    1.011E+00
    0.1100    3.194E+05    1.011E+00
    0.1200    3.943E+05    1.011E+00
    0.1300    4.759E+05    1.011E+00
    0.1400    5.638E+05    1.011E+00
    0.1500    6.575E+05    1.011E+00
    0.1600    7.568E+05    1.011E+00
    0.1800    9.702E+05    1.011E+00
    0.2000    1.201E+06    1.011E+00
    0.2500    1.843E+06    1.011E+00
    0.3000    2.555E+06    1.011E+00
    0.3500    3.318E+06    1.011E+00
    0.4000    4.118E+06    1.011E+00
    0.4500    4.944E+06    1.011E+00
    0.5000    5.788E+06    1.011E+00
    0.6000    7.510E+06    1.011E+00
    0.7000    9.251E+06    1.011E+00
    0.8000    1.099E+07    1.011E+00
    0.9000    1.271E+07    1.011E+00
    1.0000    1.440E+07    1.011E+00
    1.2500    1.850E+07    1.011E+00
    1.5000    2.236E+07    1.011E+00
    1.7500    2.599E+07    1.011E+00
    2.0000    2.938E+07    1.011E+00
    2.5000    3.546E+07    1.012E+00
    3.0000    4.093E+07    1.014E+00
    3.5000    4.585E+07    1.014E+00
    4.0000    5.031E+07    1.015E+00
    5.0000    5.816E+07    1.016E+00
    6.0000    6.488E+07    1.017E+00
    7.0000    7.072E+07    1.018E+00
    8.0000    7.583E+07    1.018E+00
    9.0000    8.037E+07    1.018E+00
   10.0000    8.437E+07    1.018E+00
#*%Deut2015
#    0.0010    1.1417E-08    1.0109E+00
#    0.0020    5.4702E-05    1.0109E+00
#    0.0030    3.0209E-03    1.0109E+00
#    0.0040    3.7320E-02    1.0109E+00
#    0.0050    2.2118E-01    1.0109E+00
#    0.0060    8.5459E-01    1.0109E+00
#    0.0070    2.5052E+00    1.0109E+00
#    0.0080    6.0661E+00    1.0109E+00
#    0.0090    1.2781E+01    1.0109E+00
#    0.0100    2.4243E+01    1.0109E+00
#    0.0110    4.2368E+01    1.0109E+00
#    0.0120    6.9363E+01    1.0109E+00
#    0.0130    1.0768E+02    1.0109E+00
#    0.0140    1.5998E+02    1.0109E+00
#    0.0150    2.2906E+02    1.0109E+00
#    0.0160    3.1787E+02    1.0109E+00
#    0.0180    5.6674E+02    1.0109E+00
#    0.0200    9.3103E+02    1.0109E+00
#    0.0250    2.5044E+03    1.0109E+00
#    0.0300    5.3011E+03    1.0109E+00
#    0.0400    1.5680E+04    1.0109E+00
#    0.0500    3.3686E+04    1.0109E+00
#    0.0600    6.0129E+04    1.0109E+00
#    0.0700    9.5272E+04    1.0109E+00
#    0.0800    1.3904E+05    1.0109E+00
#    0.0900    1.9118E+05    1.0109E+00
#    0.1000    2.5130E+05    1.0109E+00
#    0.1100    3.1900E+05    1.0109E+00
#    0.1200    3.9383E+05    1.0109E+00
#    0.1300    4.7534E+05    1.0109E+00
#    0.1400    5.6312E+05    1.0109E+00
#    0.1500    6.5676E+05    1.0109E+00
#    0.1600    7.5587E+05    1.0109E+00
#    0.1800    9.6910E+05    1.0109E+00
#    0.2000    1.2002E+06    1.0109E+00
#    0.2500    1.8421E+06    1.0109E+00
#    0.3000    2.5546E+06    1.0109E+00
#    0.3500    3.3182E+06    1.0109E+00
#    0.4000    4.1189E+06    1.0109E+00
#    0.4500    4.9460E+06    1.0109E+00
#    0.5000    5.7919E+06    1.0109E+00
#    0.6000    7.5169E+06    1.0109E+00
#    0.7000    9.2598E+06    1.0109E+00
#    0.8000    1.0999E+07    1.0109E+00
#    0.9000    1.2721E+07    1.0109E+00
#    1.0000    1.4416E+07    1.0110E+00
#    1.2500    1.8503E+07    1.0111E+00
#    1.5000    2.2349E+07    1.0113E+00
#    1.7500    2.5952E+07    1.0116E+00
#    2.0000    2.9324E+07    1.0120E+00
#    2.5000    3.5464E+07    1.0128E+00
#    3.0000    4.0928E+07    1.0137E+00
#    3.5000    4.5845E+07    1.0144E+00
#    4.0000    5.0310E+07    1.0151E+00
#    5.0000    5.8161E+07    1.0161E+00
#    6.0000    6.4876E+07    1.0169E+00
#    7.0000    7.0715E+07    1.0175E+00
#    8.0000    7.5832E+07    1.0179E+00
#    9.0000    8.0374E+07    1.0183E+00
#   10.0000    8.4372E+07    1.0185E+00
#*%DAACV04
# 3.269 1.7323E+00 0. -37.9358
#     0.001    1.3301E-08    1.0656E+00
#     0.002    5.5249E-05    1.0666E+00
#     0.003    3.0439E-03    1.0659E+00
#     0.004    3.7592E-02    1.0656E+00
#     0.005    2.2274E-01    1.0654E+00
#     0.006    8.6042E-01    1.0652E+00
#     0.007    2.5217E+00    1.0650E+00
#     0.008    6.1039E+00    1.0649E+00
#     0.009    1.2854E+01    1.0649E+00
#     0.010    2.4362E+01    1.0650E+00
#     0.011    4.2534E+01    1.0653E+00
#     0.012    6.9552E+01    1.0658E+00
#     0.013    1.0783E+02    1.0663E+00
#     0.014    1.6000E+02    1.0667E+00
#     0.015    2.2881E+02    1.0671E+00
#     0.016    3.1719E+02    1.0674E+00
#     0.018    5.6474E+02    1.0676E+00
#     0.020    9.2730E+02    1.0671E+00
#     0.025    2.4989E+03    1.0641E+00
#     0.030    5.3076E+03    1.0600E+00
#     0.040    1.5783E+04    1.0524E+00
#     0.050    3.3993E+04    1.0469E+00
#     0.060    6.0723E+04    1.0429E+00
#     0.070    9.6200E+04    1.0399E+00
#     0.080    1.4031E+05    1.0376E+00
#     0.090    1.9276E+05    1.0357E+00
#     0.100    2.5313E+05    1.0340E+00
#     0.110    3.2098E+05    1.0327E+00
#     0.120    3.9585E+05    1.0314E+00
#     0.130    4.7727E+05    1.0304E+00
#     0.140    5.6480E+05    1.0294E+00
#     0.150    6.5802E+05    1.0285E+00
#     0.160    7.5653E+05    1.0277E+00
#     0.180    9.6796E+05    1.0263E+00
#     0.200    1.1964E+06    1.0252E+00
#     0.250    1.8272E+06    1.0230E+00
#     0.300    2.5211E+06    1.0216E+00
#     0.350    3.2576E+06    1.0206E+00
#     0.400    4.0220E+06    1.0198E+00
#     0.450    4.8036E+06    1.0193E+00
#     0.500    5.5950E+06    1.0188E+00
#     0.600    7.1882E+06    1.0181E+00
#     0.700    8.7753E+06    1.0175E+00
#     0.800    1.0343E+07    1.0171E+00
#     0.900    1.1884E+07    1.0168E+00
#     1.000    1.3395E+07    1.0165E+00
#     1.250    1.7030E+07    1.0159E+00
#     1.500    2.0466E+07    1.0157E+00
#     1.750    2.3710E+07    1.0155E+00
#     2.000    2.6777E+07    1.0154E+00
#     2.500    3.2439E+07    1.0153E+00
#     3.000    3.7548E+07    1.0153E+00
#     3.500    4.2196E+07    1.0152E+00
#     4.000    4.6445E+07    1.0151E+00
#     5.000    5.3951E+07    1.0149E+00
#     6.000    6.0272E+07    1.0147E+00
#     7.000    6.5974E+07    1.0146E+00
#     8.000    7.1158E+07    1.0145E+00
#     9.000    7.3775E+07    1.0144E+00
#    10.000    7.5454E+07    1.0143E+00
===================================================================================
*- d + d > t + p ;
*%Gom17
 4.03266 1.73492E+00 0. -46.7971
    0.0010    1.364E-08    1.011E+00
    0.0020    5.653E-05    1.011E+00
    0.0030    3.110E-03    1.011E+00
    0.0040    3.835E-02    1.011E+00
    0.0050    2.269E-01    1.011E+00
    0.0060    8.755E-01    1.011E+00
    0.0070    2.563E+00    1.011E+00
    0.0080    6.198E+00    1.011E+00
    0.0090    1.304E+01    1.011E+00
    0.0100    2.471E+01    1.011E+00
    0.0110    4.314E+01    1.011E+00
    0.0120    7.055E+01    1.011E+00
    0.0130    1.094E+02    1.011E+00
    0.0140    1.624E+02    1.011E+00
    0.0150    2.322E+02    1.011E+00
    0.0160    3.220E+02    1.011E+00
    0.0180    5.729E+02    1.011E+00
    0.0200    9.395E+02    1.011E+00
    0.0250    2.516E+03    1.011E+00
    0.0300    5.305E+03    1.011E+00
    0.0400    1.558E+04    1.011E+00
    0.0500    3.325E+04    1.011E+00
    0.0600    5.900E+04    1.011E+00
    0.0700    9.298E+04    1.011E+00
    0.0800    1.350E+05    1.011E+00
    0.0900    1.847E+05    1.011E+00
    0.1000    2.418E+05    1.011E+00
    0.1100    3.056E+05    1.011E+00
    0.1200    3.758E+05    1.011E+00
    0.1300    4.518E+05    1.011E+00
    0.1400    5.334E+05    1.011E+00
    0.1500    6.199E+05    1.011E+00
    0.1600    7.111E+05    1.011E+00
    0.1800    9.061E+05    1.011E+00
    0.2000    1.116E+06    1.011E+00
    0.2500    1.691E+06    1.011E+00
    0.3000    2.321E+06    1.011E+00
    0.3500    2.988E+06    1.011E+00
    0.4000    3.681E+06    1.011E+00
    0.4500    4.391E+06    1.011E+00
    0.5000    5.113E+06    1.011E+00
    0.6000    6.573E+06    1.011E+00
    0.7000    8.036E+06    1.011E+00
    0.8000    9.489E+06    1.011E+00
    0.9000    1.092E+07    1.011E+00
    1.0000    1.233E+07    1.011E+00
    1.2500    1.572E+07    1.011E+00
    1.5000    1.893E+07    1.011E+00
    1.7500    2.194E+07    1.011E+00
    2.0000    2.477E+07    1.011E+00
    2.5000    2.976E+07    1.013E+00
    3.0000    3.440E+07    1.014E+00
    3.5000    3.863E+07    1.014E+00
    4.0000    4.251E+07    1.015E+00
    5.0000    4.946E+07    1.016E+00
    6.0000    5.552E+07    1.017E+00
    7.0000    6.077E+07    1.018E+00
    8.0000    6.529E+07    1.018E+00
    9.0000    6.912E+07    1.018E+00
   10.0000    7.228E+07    1.019E+00
#*%Deut2015
#    0.0010    1.1729E-08    1.0108E+00
#    0.0020    5.6094E-05    1.0108E+00
#    0.0030    3.0921E-03    1.0108E+00
#    0.0040    3.8136E-02    1.0108E+00
#    0.0050    2.2567E-01    1.0108E+00
#    0.0060    8.7070E-01    1.0108E+00
#    0.0070    2.5490E+00    1.0108E+00
#    0.0080    6.1642E+00    1.0108E+00
#    0.0090    1.2972E+01    1.0108E+00
#    0.0100    2.4576E+01    1.0108E+00
#    0.0110    4.2902E+01    1.0108E+00
#    0.0120    7.0159E+01    1.0108E+00
#    0.0130    1.0880E+02    1.0108E+00
#    0.0140    1.6147E+02    1.0108E+00
#    0.0150    2.3097E+02    1.0108E+00
#    0.0160    3.2020E+02    1.0108E+00
#    0.0180    5.6979E+02    1.0108E+00
#    0.0200    9.3431E+02    1.0108E+00
#    0.0250    2.5024E+03    1.0108E+00
#    0.0300    5.2756E+03    1.0108E+00
#    0.0400    1.5492E+04    1.0108E+00
#    0.0500    3.3067E+04    1.0108E+00
#    0.0600    5.8676E+04    1.0108E+00
#    0.0700    9.2462E+04    1.0108E+00
#    0.0800    1.3426E+05    1.0108E+00
#    0.0900    1.8372E+05    1.0108E+00
#    0.1000    2.4042E+05    1.0108E+00
#    0.1100    3.0390E+05    1.0108E+00
#    0.1200    3.7369E+05    1.0108E+00
#    0.1300    4.4933E+05    1.0108E+00
#    0.1400    5.3039E+05    1.0108E+00
#    0.1500    6.1646E+05    1.0108E+00
#    0.1600    7.0717E+05    1.0108E+00
#    0.1800    9.0110E+05    1.0108E+00
#    0.2000    1.1097E+06    1.0108E+00
#    0.2500    1.6823E+06    1.0108E+00
#    0.3000    2.3092E+06    1.0108E+00
#    0.3500    2.9735E+06    1.0108E+00
#    0.4000    3.6634E+06    1.0108E+00
#    0.4500    4.3706E+06    1.0108E+00
#    0.5000    5.0892E+06    1.0108E+00
#    0.6000    6.5434E+06    1.0108E+00
#    0.7000    8.0013E+06    1.0108E+00
#    0.8000    9.4482E+06    1.0109E+00
#    0.9000    1.0875E+07    1.0109E+00
#    1.0000    1.2276E+07    1.0109E+00
#    1.2500    1.5649E+07    1.0110E+00
#    1.5000    1.8824E+07    1.0113E+00
#    1.7500    2.1807E+07    1.0116E+00
#    2.0000    2.4612E+07    1.0120E+00
#    2.5000    2.9762E+07    1.0128E+00
#    3.0000    3.4400E+07    1.0137E+00
#    3.5000    3.8626E+07    1.0144E+00
#    4.0000    4.2510E+07    1.0151E+00
#    5.0000    4.9455E+07    1.0162E+00
#    6.0000    5.5522E+07    1.0170E+00
#    7.0000    6.0771E+07    1.0175E+00
#    8.0000    6.5290E+07    1.0180E+00
#    9.0000    6.9115E+07    1.0183E+00
#   10.0000    7.2279E+07    1.0186E+00
#*%DAACV04
# 4.033 1.7344E+00 0. -46.7994
#     0.001    1.4385E-08    1.0131E+00
#     0.002    5.9542E-05    1.0135E+00
#     0.003    3.2730E-03    1.0133E+00
#     0.004    4.0342E-02    1.0132E+00
#     0.005    2.3858E-01    1.0131E+00
#     0.006    9.2005E-01    1.0130E+00
#     0.007    2.6920E+00    1.0129E+00
#     0.008    6.5070E+00    1.0128E+00
#     0.009    1.3687E+01    1.0127E+00
#     0.010    2.5918E+01    1.0126E+00
#     0.011    4.5224E+01    1.0126E+00
#     0.012    7.3926E+01    1.0125E+00
#     0.013    1.1460E+02    1.0125E+00
#     0.014    1.7000E+02    1.0125E+00
#     0.015    2.4307E+02    1.0125E+00
#     0.016    3.3685E+02    1.0125E+00
#     0.018    5.9894E+02    1.0125E+00
#     0.020    9.8136E+02    1.0126E+00
#     0.025    2.6230E+03    1.0131E+00
#     0.030    5.5178E+03    1.0137E+00
#     0.040    1.6129E+04    1.0151E+00
#     0.050    3.4276E+04    1.0162E+00
#     0.060    6.0568E+04    1.0171E+00
#     0.070    9.5071E+04    1.0177E+00
#     0.080    1.3754E+05    1.0181E+00
#     0.090    1.8756E+05    1.0184E+00
#     0.100    2.4465E+05    1.0186E+00
#     0.110    3.0829E+05    1.0187E+00
#     0.120    3.7798E+05    1.0189E+00
#     0.130    4.5329E+05    1.0189E+00
#     0.140    5.3370E+05    1.0189E+00
#     0.150    6.1883E+05    1.0190E+00
#     0.160    7.0826E+05    1.0190E+00
#     0.180    8.9879E+05    1.0189E+00
#     0.200    1.1026E+06    1.0189E+00
#     0.250    1.6578E+06    1.0189E+00
#     0.300    2.2596E+06    1.0191E+00
#     0.350    2.8928E+06    1.0192E+00
#     0.400    3.5448E+06    1.0194E+00
#     0.450    4.2079E+06    1.0197E+00
#     0.500    4.8809E+06    1.0198E+00
#     0.600    6.2301E+06    1.0201E+00
#     0.700    7.5745E+06    1.0202E+00
#     0.800    8.9021E+06    1.0203E+00
#     0.900    1.0212E+07    1.0203E+00
#     1.000    1.1500E+07    1.0202E+00
#     1.250    1.4609E+07    1.0199E+00
#     1.500    1.7565E+07    1.0196E+00
#     1.750    2.0375E+07    1.0193E+00
#     2.000    2.3051E+07    1.0190E+00
#     2.500    2.8034E+07    1.0186E+00
#     3.000    3.2593E+07    1.0182E+00
#     3.500    3.6788E+07    1.0177E+00
#     4.000    4.0670E+07    1.0174E+00
#     5.000    4.7649E+07    1.0167E+00
#     6.000    5.3771E+07    1.0162E+00
#     7.000    5.9205E+07    1.0158E+00
#     8.000    6.4069E+07    1.0156E+00
#     9.000    6.8456E+07    1.0154E+00
#    10.000    7.2432E+07    1.0154E+00
===================================================================================
*- t + p > a + g ; tpg
*%Ser04
! Serpico et al. JCAP12(2004)010
! From tpg_sv.f
   19.8139 2.61058E+10 1.5 -229.93
    0.0010   3.564E-11   1.200E+00
    0.0020   6.662E-08   1.200E+00
    0.0030   2.495E-06   1.200E+00
    0.0040   2.417E-05   1.200E+00
    0.0050   1.206E-04   1.200E+00
    0.0060   4.088E-04   1.200E+00
    0.0070   1.080E-03   1.200E+00
    0.0080   2.401E-03   1.200E+00
    0.0090   4.708E-03   1.200E+00
    0.0100   8.395E-03   1.200E+00
    0.0110   1.391E-02   1.200E+00
    0.0120   2.171E-02   1.200E+00
    0.0130   3.232E-02   1.200E+00
    0.0140   4.624E-02   1.200E+00
    0.0150   6.399E-02   1.200E+00
    0.0160   8.608E-02   1.200E+00
    0.0180   1.453E-01   1.200E+00
    0.0200   2.279E-01   1.200E+00
    0.0250   5.595E-01   1.200E+00
    0.0300   1.107E+00   1.200E+00
    0.0400   2.978E+00   1.200E+00
    0.0500   6.005E+00   1.200E+00
    0.0600   1.024E+01   1.200E+00
    0.0700   1.569E+01   1.200E+00
    0.0800   2.231E+01   1.200E+00
    0.0900   3.005E+01   1.200E+00
    0.1000   3.886E+01   1.200E+00
    0.1100   4.868E+01   1.200E+00
    0.1200   5.945E+01   1.200E+00
    0.1300   7.113E+01   1.200E+00
    0.1400   8.367E+01   1.200E+00
    0.1500   9.701E+01   1.200E+00
    0.1600   1.111E+02   1.200E+00
    0.1800   1.415E+02   1.200E+00
    0.2000   1.746E+02   1.200E+00
    0.2500   2.674E+02   1.200E+00
    0.3000   3.726E+02   1.200E+00
    0.3500   4.885E+02   1.200E+00
    0.4000   6.135E+02   1.200E+00
    0.4500   7.468E+02   1.200E+00
    0.5000   8.873E+02   1.200E+00
    0.6000   1.188E+03   1.200E+00
    0.7000   1.512E+03   1.200E+00
    0.8000   1.857E+03   1.200E+00
    0.9000   2.220E+03   1.200E+00
    1.0000   2.599E+03   1.200E+00
    1.2500   3.615E+03   1.200E+00
    1.5000   4.713E+03   1.200E+00
    1.7500   5.884E+03   1.200E+00
    2.0000   7.120E+03   1.200E+00
    2.5000   9.763E+03   1.200E+00
    3.0000   1.261E+04   1.200E+00
    3.5000   1.562E+04   1.200E+00
    4.0000   1.879E+04   1.200E+00
    5.0000   2.553E+04   1.200E+00
    6.0000   3.274E+04   1.200E+00
    7.0000   4.034E+04   1.200E+00
    8.0000   4.828E+04   1.200E+00
    9.0000   5.654E+04   1.200E+00
   10.0000   6.507E+04   1.200E+00
===================================================================================
*- t + d > a + n ;
*%DAACV04
   17.5893 5.53541E+00 0. -204.115
     0.001    1.9836E-07    1.0083E+00
     0.002    1.4356E-03    1.0084E+00
     0.003    1.0395E-01    1.0083E+00
     0.004    1.5287E+00    1.0083E+00
     0.005    1.0274E+01    1.0083E+00
     0.006    4.3748E+01    1.0083E+00
     0.007    1.3875E+02    1.0083E+00
     0.008    3.5886E+02    1.0083E+00
     0.009    8.0012E+02    1.0083E+00
     0.010    1.5946E+03    1.0083E+00
     0.011    2.9123E+03    1.0083E+00
     0.012    4.9603E+03    1.0083E+00
     0.013    7.9830E+03    1.0083E+00
     0.014    1.2259E+04    1.0083E+00
     0.015    1.8098E+04    1.0083E+00
     0.016    2.5840E+04    1.0083E+00
     0.018    4.8520E+04    1.0083E+00
     0.020    8.3485E+04    1.0083E+00
     0.025    2.4789E+05    1.0082E+00
     0.030    5.6979E+05    1.0082E+00
     0.040    1.9278E+06    1.0081E+00
     0.050    4.6083E+06    1.0080E+00
     0.060    8.9607E+06    1.0079E+00
     0.070    1.5192E+07    1.0077E+00
     0.080    2.3358E+07    1.0075E+00
     0.090    3.3388E+07    1.0073E+00
     0.100    4.5115E+07    1.0071E+00
     0.110    5.8311E+07    1.0069E+00
     0.120    7.2722E+07    1.0067E+00
     0.130    8.8087E+07    1.0065E+00
     0.140    1.0416E+08    1.0064E+00
     0.150    1.2070E+08    1.0062E+00
     0.160    1.3751E+08    1.0060E+00
     0.180    1.7128E+08    1.0058E+00
     0.200    2.0434E+08    1.0056E+00
     0.250    2.7976E+08    1.0053E+00
     0.300    3.4178E+08    1.0051E+00
     0.350    3.9036E+08    1.0050E+00
     0.400    4.2728E+08    1.0050E+00
     0.450    4.5467E+08    1.0050E+00
     0.500    4.7447E+08    1.0051E+00
     0.600    4.9747E+08    1.0052E+00
     0.700    5.0576E+08    1.0054E+00
     0.800    5.0520E+08    1.0055E+00
     0.900    4.9935E+08    1.0057E+00
     1.000    4.9040E+08    1.0060E+00
     1.250    4.6224E+08    1.0065E+00
     1.500    4.3266E+08    1.0071E+00
     1.750    4.0500E+08    1.0077E+00
     2.000    3.8011E+08    1.0083E+00
     2.500    3.3852E+08    1.0097E+00
     3.000    3.0588E+08    1.0112E+00
     3.500    2.7996E+08    1.0127E+00
     4.000    2.5903E+08    1.0142E+00
     5.000    2.2720E+08    1.0169E+00
     6.000    2.0404E+08    1.0194E+00
     7.000    1.8684E+08    1.0219E+00
     8.000    1.7394E+08    1.0240E+00
     9.000    1.6395E+08    1.0257E+00
    10.000    1.5586E+08    1.0270E+00
===================================================================================
*- t + a > Li7 + g ;
*%DAACV04
   2.46762 1.1133D+10 1.5 -28.6355
     0.001    6.2654E-28    1.0492E+00
     0.002    6.8579E-21    1.0492E+00
     0.003    1.7379E-17    1.0491E+00
     0.004    2.4076E-15    1.0491E+00
     0.005    7.9718E-14    1.0491E+00
     0.006    1.1448E-12    1.0491E+00
     0.007    9.5767E-12    1.0491E+00
     0.008    5.5085E-11    1.0491E+00
     0.009    2.4116E-10    1.0491E+00
     0.010    8.5873E-10    1.0490E+00
     0.011    2.6029E-09    1.0490E+00
     0.012    6.9369E-09    1.0490E+00
     0.013    1.6648E-08    1.0490E+00
     0.014    3.6635E-08    1.0490E+00
     0.015    7.4950E-08    1.0490E+00
     0.016    1.4413E-07    1.0490E+00
     0.018    4.5757E-07    1.0489E+00
     0.020    1.2351E-06    1.0489E+00
     0.025    8.9724E-06    1.0489E+00
     0.030    4.0446E-05    1.0488E+00
     0.040    3.5851E-04    1.0487E+00
     0.050    1.6737E-03    1.0485E+00
     0.060    5.3804E-03    1.0484E+00
     0.070    1.3597E-02    1.0483E+00
     0.080    2.9091E-02    1.0482E+00
     0.090    5.5148E-02    1.0481E+00
     0.100    9.5411E-02    1.0480E+00
     0.110    1.5374E-01    1.0479E+00
     0.120    2.3404E-01    1.0478E+00
     0.130    3.4027E-01    1.0477E+00
     0.140    4.7618E-01    1.0476E+00
     0.150    6.4542E-01    1.0475E+00
     0.160    8.5141E-01    1.0474E+00
     0.180    1.3861E+00    1.0472E+00
     0.200    2.1023E+00    1.0470E+00
     0.250    4.7953E+00    1.0465E+00
     0.300    8.9017E+00    1.0461E+00
     0.350    1.4480E+01    1.0457E+00
     0.400    2.1509E+01    1.0453E+00
     0.450    2.9922E+01    1.0449E+00
     0.500    3.9625E+01    1.0446E+00
     0.600    6.2478E+01    1.0440E+00
     0.700    8.9225E+01    1.0435E+00
     0.800    1.1910E+02    1.0431E+00
     0.900    1.5145E+02    1.0428E+00
     1.000    1.8576E+02    1.0425E+00
     1.250    2.7755E+02    1.0420E+00
     1.500    3.7472E+02    1.0419E+00
     1.750    4.7494E+02    1.0422E+00
     2.000    5.7704E+02    1.0428E+00
     2.500    7.8536E+02    1.0450E+00
     3.000    9.9960E+02    1.0487E+00
     3.500    1.2221E+03    1.0537E+00
     4.000    1.4560E+03    1.0600E+00
     5.000    1.9733E+03    1.0763E+00
     6.000    2.5848E+03    1.0970E+00
     7.000    3.3306E+03    1.1216E+00
     8.000    4.2615E+03    1.1491E+00
     9.000    5.4441E+03    1.1786E+00
    10.000    6.9683E+03    1.2089E+00
===================================================================================
*- He3 + n > t + p ;
*%DAACV04
   0.763754 1.00178D+00 0.0 -8.8630
     0.001    6.7993E+08    1.0134E+00
     0.002    6.7606E+08    1.0133E+00
     0.003    6.7292E+08    1.0131E+00
     0.004    6.7022E+08    1.0130E+00
     0.005    6.6783E+08    1.0129E+00
     0.006    6.6566E+08    1.0129E+00
     0.007    6.6366E+08    1.0128E+00
     0.008    6.6180E+08    1.0127E+00
     0.009    6.6006E+08    1.0127E+00
     0.010    6.5840E+08    1.0126E+00
     0.011    6.5683E+08    1.0125E+00
     0.012    6.5533E+08    1.0125E+00
     0.013    6.5390E+08    1.0124E+00
     0.014    6.5252E+08    1.0124E+00
     0.015    6.5119E+08    1.0124E+00
     0.016    6.4991E+08    1.0123E+00
     0.018    6.4745E+08    1.0122E+00
     0.020    6.4514E+08    1.0122E+00
     0.025    6.3984E+08    1.0120E+00
     0.030    6.3508E+08    1.0119E+00
     0.040    6.2670E+08    1.0117E+00
     0.050    6.1941E+08    1.0116E+00
     0.060    6.1290E+08    1.0115E+00
     0.070    6.0700E+08    1.0115E+00
     0.080    6.0157E+08    1.0115E+00
     0.090    5.9654E+08    1.0114E+00
     0.100    5.9185E+08    1.0114E+00
     0.110    5.8745E+08    1.0115E+00
     0.120    5.8331E+08    1.0115E+00
     0.130    5.7938E+08    1.0115E+00
     0.140    5.7567E+08    1.0115E+00
     0.150    5.7213E+08    1.0115E+00
     0.160    5.6875E+08    1.0115E+00
     0.180    5.6244E+08    1.0116E+00
     0.200    5.5664E+08    1.0116E+00
     0.250    5.4397E+08    1.0118E+00
     0.300    5.3338E+08    1.0119E+00
     0.350    5.2443E+08    1.0121E+00
     0.400    5.1684E+08    1.0123E+00
     0.450    5.1039E+08    1.0125E+00
     0.500    5.0493E+08    1.0127E+00
     0.600    4.9648E+08    1.0132E+00
     0.700    4.9069E+08    1.0138E+00
     0.800    4.8694E+08    1.0144E+00
     0.900    4.8480E+08    1.0150E+00
     1.000    4.8390E+08    1.0156E+00
     1.250    4.8553E+08    1.0169E+00
     1.500    4.9078E+08    1.0179E+00
     1.750    4.9826E+08    1.0188E+00
     2.000    5.0716E+08    1.0194E+00
     2.500    5.2740E+08    1.0203E+00
     3.000    5.4903E+08    1.0206E+00
     3.500    5.7064E+08    1.0208E+00
     4.000    5.9142E+08    1.0208E+00
     5.000    6.2883E+08    1.0206E+00
     6.000    6.5977E+08    1.0204E+00
     7.000    6.8438E+08    1.0202E+00
     8.000    7.0341E+08    1.0202E+00
     9.000    7.1774E+08    1.0202E+00
    10.000    7.2819E+08    1.0202E+00
===================================================================================
*- He3 + d > a + p ;
*%DAACV04
   18.3531 5.54529D+00 0.0 -212.978
     0.001    3.5841E-19    1.0300E+00
     0.002    6.1931E-13    1.0300E+00
     0.003    6.4127E-10    1.0300E+00
     0.004    5.0557E-08    1.0299E+00
     0.005    1.1219E-06    1.0299E+00
     0.006    1.1881E-05    1.0299E+00
     0.007    7.7974E-05    1.0299E+00
     0.008    3.6733E-04    1.0299E+00
     0.009    1.3590E-03    1.0299E+00
     0.010    4.1878E-03    1.0299E+00
     0.011    1.1190E-02    1.0298E+00
     0.012    2.6683E-02    1.0298E+00
     0.013    5.7994E-02    1.0298E+00
     0.014    1.1673E-01    1.0298E+00
     0.015    2.2029E-01    1.0298E+00
     0.016    3.9357E-01    1.0298E+00
     0.018    1.0976E+00    1.0297E+00
     0.020    2.6518E+00    1.0297E+00
     0.025    1.5469E+01    1.0296E+00
     0.030    5.9178E+01    1.0296E+00
     0.040    4.1588E+02    1.0295E+00
     0.050    1.6583E+03    1.0293E+00
     0.060    4.7546E+03    1.0292E+00
     0.070    1.1021E+04    1.0291E+00
     0.080    2.2052E+04    1.0290E+00
     0.090    3.9649E+04    1.0288E+00
     0.100    6.5758E+04    1.0287E+00
     0.110    1.0241E+05    1.0286E+00
     0.120    1.5170E+05    1.0284E+00
     0.130    2.1574E+05    1.0283E+00
     0.140    2.9661E+05    1.0282E+00
     0.150    3.9640E+05    1.0280E+00
     0.160    5.1714E+05    1.0279E+00
     0.180    8.2934E+05    1.0277E+00
     0.200    1.2480E+06    1.0275E+00
     0.250    2.8414E+06    1.0271E+00
     0.300    5.3183E+06    1.0267E+00
     0.350    8.7207E+06    1.0263E+00
     0.400    1.2999E+07    1.0259E+00
     0.450    1.8041E+07    1.0255E+00
     0.500    2.3696E+07    1.0251E+00
     0.600    3.6213E+07    1.0244E+00
     0.700    4.9408E+07    1.0238E+00
     0.800    6.2436E+07    1.0233E+00
     0.900    7.4764E+07    1.0229E+00
     1.000    8.6105E+07    1.0226E+00
     1.250    1.0958E+08    1.0221E+00
     1.500    1.2660E+08    1.0219E+00
     1.750    1.3847E+08    1.0220E+00
     2.000    1.4656E+08    1.0222E+00
     2.500    1.5533E+08    1.0227E+00
     3.000    1.5838E+08    1.0234E+00
     3.500    1.5850E+08    1.0241E+00
     4.000    1.5713E+08    1.0249E+00
     5.000    1.5248E+08    1.0262E+00
     6.000    1.4712E+08    1.0276E+00
     7.000    1.4183E+08    1.0289E+00
     8.000    1.3686E+08    1.0303E+00
     9.000    1.3225E+08    1.0318E+00
    10.000    1.2800E+08    1.0332E+00
===================================================================================
*- He3 + a > Be7 + g ;
*%Ili16
 1.58713 1.11289E+10 1.5 -18.4179
    0.0010    1.178E-47    1.024E+00
    0.0020    2.300E-36    1.024E+00
    0.0030    6.811E-31    1.024E+00
    0.0040    1.911E-27    1.024E+00
    0.0050    5.391E-25    1.024E+00
    0.0060    3.975E-23    1.024E+00
    0.0070    1.230E-21    1.024E+00
    0.0080    2.083E-20    1.024E+00
    0.0090    2.273E-19    1.024E+00
    0.0100    1.778E-18    1.024E+00
    0.0110    1.073E-17    1.024E+00
    0.0120    5.266E-17    1.024E+00
    0.0130    2.182E-16    1.024E+00
    0.0140    7.859E-16    1.024E+00
    0.0150    2.517E-15    1.024E+00
    0.0160    7.291E-15    1.024E+00
    0.0180    4.782E-14    1.024E+00
    0.0200    2.413E-13    1.024E+00
    0.0250    6.141E-12    1.024E+00
    0.0300    7.209E-11    1.024E+00
    0.0400    2.582E-09    1.024E+00
    0.0500    3.258E-08    1.024E+00
    0.0600    2.238E-07    1.024E+00
    0.0700    1.038E-06    1.024E+00
    0.0800    3.666E-06    1.024E+00
    0.0900    1.062E-05    1.024E+00
    0.1000    2.648E-05    1.024E+00
    0.1100    5.876E-05    1.024E+00
    0.1200    1.187E-04    1.024E+00
    0.1300    2.224E-04    1.024E+00
    0.1400    3.913E-04    1.024E+00
    0.1500    6.530E-04    1.024E+00
    0.1600    1.042E-03    1.024E+00
    0.1800    2.376E-03    1.024E+00
    0.2000    4.818E-03    1.024E+00
    0.2500    1.968E-02    1.024E+00
    0.3000    5.698E-02    1.024E+00
    0.3500    1.322E-01    1.024E+00
    0.4000    2.631E-01    1.024E+00
    0.4500    4.687E-01    1.024E+00
    0.5000    7.677E-01    1.024E+00
    0.6000    1.717E+00    1.024E+00
    0.7000    3.239E+00    1.024E+00
    0.8000    5.435E+00    1.024E+00
    0.9000    8.380E+00    1.024E+00
    1.0000    1.213E+01    1.024E+00
    1.2500    2.519E+01    1.024E+00
    1.5000    4.360E+01    1.024E+00
    1.7500    6.717E+01    1.024E+00
    2.0000    9.539E+01    1.024E+00
    2.5000    1.705E+02    1.035E+00
    3.0000    2.585E+02    1.035E+00
    3.5000    3.602E+02    1.035E+00
    4.0000    4.742E+02    1.035E+00
    5.0000    7.351E+02    1.035E+00
    6.0000    1.035E+03    1.035E+00
    7.0000    1.370E+03    1.035E+00
    8.0000    1.738E+03    1.035E+00
    9.0000    2.135E+03    1.035E+00
   10.0000    2.558E+03    1.035E+00
#*%deB14
#! R. J. deBoer et al.  PRC 90, 035804 (2014) new hag rate  AC 22/04/2015   
#! Calcule avec hag_sv.f dans /Users/acoc/phys/rates/hag
# 1.587 1.1136E+10 1.5 -18.4126
#     0.001    1.0000E-25    1.0000E+00
#     0.002    1.0000E-25    1.0000E+00
#     0.003    1.0000E-25    1.0000E+00
#     0.004    1.0000E-25    1.0000E+00
#     0.005    5.3736E-25    1.0752E+00
#     0.006    3.9623E-23    1.0750E+00
#     0.007    1.2257E-21    1.0748E+00
#     0.008    2.0753E-20    1.0747E+00
#     0.009    2.2645E-19    1.0745E+00
#! Cyburt below
#     0.010    1.6790E-18    1.0368E+00
#     0.011    1.0140E-17    1.0368E+00
#     0.012    4.9730E-17    1.0367E+00
#     0.013    2.0600E-16    1.0366E+00
#     0.014    7.4200E-16    1.0367E+00
#     0.015    2.3760E-15    1.0365E+00
#     0.016    6.8820E-15    1.0365E+00
#     0.018    4.5130E-14    1.0365E+00
#     0.020    2.2770E-13    1.0363E+00
#     0.025    5.7960E-12    1.0362E+00
#     0.030    6.8090E-11    1.0359E+00
#     0.040    2.4430E-09    1.0352E+00
#     0.050    3.0880E-08    1.0351E+00
#     0.060    2.1250E-07    1.0350E+00
#     0.070    9.8680E-07    1.0347E+00
#     0.080    3.4900E-06    1.0344E+00
#     0.090    1.0130E-05    1.0339E+00
#     0.100    2.5280E-05    1.0336E+00
#     0.110    5.6160E-05    1.0336E+00
#     0.120    1.1360E-04    1.0334E+00
#     0.130    2.1310E-04    1.0330E+00
#     0.140    3.7540E-04    1.0327E+00
#     0.150    6.2720E-04    1.0326E+00
#     0.160    1.0020E-03    1.0321E+00
#     0.180    2.2900E-03    1.0320E+00
#     0.200    4.6540E-03    1.0318E+00
#     0.250    1.9100E-02    1.0309E+00
#     0.300    5.5580E-02    1.0303E+00
#     0.350    1.2950E-01    1.0296E+00
#     0.400    2.5900E-01    1.0290E+00
#     0.450    4.6310E-01    1.0287E+00
#     0.500    7.6140E-01    1.0282E+00
#     0.600    1.7140E+00    1.0274E+00
#     0.700    3.2510E+00    1.0270E+00
#     0.800    5.4780E+00    1.0265E+00
#     0.900    8.4750E+00    1.0261E+00
#     1.000    1.2300E+01    1.0259E+00
#     1.250    2.5640E+01    1.0250E+00
#     1.500    4.4440E+01    1.0246E+00
#     1.750    6.8520E+01    1.0243E+00
#     2.000    9.7530E+01    1.0241E+00
#     2.500    1.6890E+02    1.0233E+00
#     3.000    2.5590E+02    1.0233E+00
#     3.500    3.5640E+02    1.0228E+00
#     4.000    4.6890E+02    1.0227E+00
#! Cyburt above
#     5.000    6.7306E+02    1.0675E+00
#     6.000    9.1657E+02    1.0673E+00
#     7.000    1.1693E+03    1.0669E+00
#     8.000    1.4261E+03    1.0666E+00
#     9.000    1.6833E+03    1.0662E+00
#    10.000    1.9387E+03    1.0660E+00
#*%Cyb08
#! Cyburt & Davids PRC 78 (2008) 064614 new hag rate  AC 11/03/2009   
#! Calcule avec hag_sv.f dans /Users/acoc/phys/rates/hag
# 1.587 1.1136E+10 1.5 -18.4126
#     0.001    1.0000E-25    1.0000E+00
#     0.002    1.0000E-25    1.0000E+00
#     0.003    1.0000E-25    1.0000E+00
#     0.004    1.0000E-25    1.0000E+00
#     0.005    5.3736E-25    1.0752E+00
#     0.006    3.9623E-23    1.0750E+00
#     0.007    1.2257E-21    1.0748E+00
#     0.008    2.0753E-20    1.0747E+00
#     0.009    2.2645E-19    1.0745E+00
#     0.010    1.7715E-18    1.0743E+00
#     0.011    1.0689E-17    1.0742E+00
#     0.012    5.2416E-17    1.0740E+00
#     0.013    2.1706E-16    1.0739E+00
#     0.014    7.8138E-16    1.0738E+00
#     0.015    2.5007E-15    1.0736E+00
#     0.016    7.2409E-15    1.0735E+00
#     0.018    4.7447E-14    1.0732E+00
#     0.020    2.3915E-13    1.0730E+00
#     0.025    6.0779E-12    1.0725E+00
#     0.030    7.1281E-11    1.0719E+00
#     0.040    2.5499E-09    1.0710E+00
#     0.050    3.2153E-08    1.0702E+00
#     0.060    2.2072E-07    1.0695E+00
#     0.070    1.0229E-06    1.0689E+00
#     0.080    3.6109E-06    1.0683E+00
#     0.090    1.0455E-05    1.0677E+00
#     0.100    2.6059E-05    1.0672E+00
#     0.110    5.7789E-05    1.0667E+00
#     0.120    1.1675E-04    1.0662E+00
#     0.130    2.1862E-04    1.0658E+00
#     0.140    3.8448E-04    1.0654E+00
#     0.150    6.4144E-04    1.0651E+00
#     0.160    1.0233E-03    1.0647E+00
#     0.180    2.3324E-03    1.0641E+00
#     0.200    4.7287E-03    1.0635E+00
#     0.250    1.9308E-02    1.0623E+00
#     0.300    5.5924E-02    1.0614E+00
#     0.350    1.2983E-01    1.0607E+00
#     0.400    2.5870E-01    1.0602E+00
#     0.450    4.6136E-01    1.0599E+00
#     0.500    7.5671E-01    1.0596E+00
#     0.600    1.6972E+00    1.0594E+00
#     0.700    3.2100E+00    1.0594E+00
#     0.800    5.3988E+00    1.0596E+00
#     0.900    8.3408E+00    1.0599E+00
#     1.000    1.2089E+01    1.0603E+00
#     1.250    2.5164E+01    1.0615E+00
#     1.500    4.3578E+01    1.0626E+00
#     1.750    6.7125E+01    1.0637E+00
#     2.000    9.5444E+01    1.0646E+00
#     2.500    1.6472E+02    1.0660E+00
#     3.000    2.4813E+02    1.0669E+00
#     3.500    3.4282E+02    1.0673E+00
#     4.000    4.4643E+02    1.0675E+00
#     5.000    6.7306E+02    1.0675E+00
#     6.000    9.1657E+02    1.0673E+00
#     7.000    1.1693E+03    1.0669E+00
#     8.000    1.4261E+03    1.0666E+00
#     9.000    1.6833E+03    1.0662E+00
#    10.000    1.9387E+03    1.0660E+00
===================================================================================
*- Be7 + n > Li7 + p ;
*%DAACV04
   1.64424 1.00215D+00 0.0 -19.0806
     0.001    4.8100E+09    1.0054E+00
     0.002    4.6895E+09    1.0053E+00
     0.003    4.6005E+09    1.0052E+00
     0.004    4.5277E+09    1.0051E+00
     0.005    4.4652E+09    1.0050E+00
     0.006    4.4099E+09    1.0049E+00
     0.007    4.3602E+09    1.0049E+00
     0.008    4.3147E+09    1.0048E+00
     0.009    4.2728E+09    1.0048E+00
     0.010    4.2338E+09    1.0047E+00
     0.011    4.1972E+09    1.0047E+00
     0.012    4.1628E+09    1.0046E+00
     0.013    4.1302E+09    1.0046E+00
     0.014    4.0993E+09    1.0046E+00
     0.015    4.0698E+09    1.0045E+00
     0.016    4.0416E+09    1.0045E+00
     0.018    3.9888E+09    1.0044E+00
     0.020    3.9399E+09    1.0044E+00
     0.025    3.8312E+09    1.0043E+00
     0.030    3.7373E+09    1.0041E+00
     0.040    3.5800E+09    1.0039E+00
     0.050    3.4507E+09    1.0038E+00
     0.060    3.3405E+09    1.0036E+00
     0.070    3.2444E+09    1.0035E+00
     0.080    3.1592E+09    1.0034E+00
     0.090    3.0826E+09    1.0033E+00
     0.100    3.0131E+09    1.0032E+00
     0.110    2.9495E+09    1.0032E+00
     0.120    2.8909E+09    1.0031E+00
     0.130    2.8365E+09    1.0030E+00
     0.140    2.7859E+09    1.0030E+00
     0.150    2.7386E+09    1.0029E+00
     0.160    2.6941E+09    1.0028E+00
     0.180    2.6128E+09    1.0028E+00
     0.200    2.5398E+09    1.0027E+00
     0.250    2.3855E+09    1.0026E+00
     0.300    2.2607E+09    1.0026E+00
     0.350    2.1573E+09    1.0026E+00
     0.400    2.0703E+09    1.0027E+00
     0.450    1.9962E+09    1.0029E+00
     0.500    1.9327E+09    1.0032E+00
     0.600    1.8303E+09    1.0037E+00
     0.700    1.7526E+09    1.0044E+00
     0.800    1.6925E+09    1.0051E+00
     0.900    1.6446E+09    1.0058E+00
     1.000    1.6055E+09    1.0065E+00
     1.250    1.5309E+09    1.0081E+00
     1.500    1.4740E+09    1.0094E+00
     1.750    1.4253E+09    1.0105E+00
     2.000    1.3813E+09    1.0113E+00
     2.500    1.3022E+09    1.0126E+00
     3.000    1.2327E+09    1.0135E+00
     3.500    1.1716E+09    1.0142E+00
     4.000    1.1183E+09    1.0149E+00
     5.000    1.0310E+09    1.0162E+00
     6.000    9.6385E+08    1.0180E+00
     7.000    9.1117E+08    1.0210E+00
     8.000    8.6874E+08    1.0262E+00
     9.000    8.3371E+08    1.0352E+00
    10.000    8.0414E+08    1.0498E+00
===================================================================================
*- Li7 + p > a + a ;
*%DAACV04
   17.3462 4.6898 0. -201.295
     0.001    1.2546E-26    1.0510E+00
     0.002    3.0970E-19    1.0508E+00
     0.003    1.1673E-15    1.0506E+00
     0.004    2.0801E-13    1.0504E+00
     0.005    8.2459E-12    1.0503E+00
     0.006    1.3593E-10    1.0501E+00
     0.007    1.2702E-09    1.0500E+00
     0.008    8.0076E-09    1.0499E+00
     0.009    3.7895E-08    1.0497E+00
     0.010    1.4433E-07    1.0496E+00
     0.011    4.6410E-07    1.0495E+00
     0.012    1.3036E-06    1.0494E+00
     0.013    3.2796E-06    1.0493E+00
     0.014    7.5316E-06    1.0492E+00
     0.015    1.6021E-05    1.0491E+00
     0.016    3.1928E-05    1.0490E+00
     0.018    1.0802E-04    1.0488E+00
     0.020    3.0811E-04    1.0486E+00
     0.025    2.5033E-03    1.0482E+00
     0.030    1.2308E-02    1.0477E+00
     0.040    1.2419E-01    1.0470E+00
     0.050    6.3762E-01    1.0463E+00
     0.060    2.2089E+00    1.0456E+00
     0.070    5.9354E+00    1.0449E+00
     0.080    1.3378E+01    1.0443E+00
     0.090    2.6533E+01    1.0437E+00
     0.100    4.7775E+01    1.0431E+00
     0.110    7.9783E+01    1.0426E+00
     0.120    1.2546E+02    1.0421E+00
     0.130    1.8790E+02    1.0415E+00
     0.140    2.7026E+02    1.0410E+00
     0.150    3.7575E+02    1.0405E+00
     0.160    5.0757E+02    1.0401E+00
     0.180    8.6285E+02    1.0392E+00
     0.200    1.3604E+03    1.0383E+00
     0.250    3.3697E+03    1.0363E+00
     0.300    6.6955E+03    1.0346E+00
     0.350    1.1543E+04    1.0331E+00
     0.400    1.8043E+04    1.0317E+00
     0.450    2.6266E+04    1.0306E+00
     0.500    3.6240E+04    1.0296E+00
     0.600    6.1398E+04    1.0280E+00
     0.700    9.3252E+04    1.0269E+00
     0.800    1.3137E+05    1.0261E+00
     0.900    1.7525E+05    1.0255E+00
     1.000    2.2441E+05    1.0252E+00
     1.250    3.6746E+05    1.0249E+00
     1.500    5.3473E+05    1.0252E+00
     1.750    7.2207E+05    1.0256E+00
     2.000    9.2703E+05    1.0261E+00
     2.500    1.3875E+06    1.0268E+00
     3.000    1.9272E+06    1.0269E+00
     3.500    2.5848E+06    1.0260E+00
     4.000    3.3963E+06    1.0245E+00
     5.000    5.3802E+06    1.0214E+00
     6.000    7.6689E+06    1.0191E+00
     7.000    1.0063E+07    1.0175E+00
     8.000    1.2390E+07    1.0164E+00
     9.000    1.4539E+07    1.0158E+00
    10.000    1.6452E+07    1.0154E+00