1.e7	0.9999974095296364
1.0096402755134482e7	0.9999973964844566
1.0193734859388737e7	0.9999973833177062
1.0292005271944286e7	0.9999973700280593
1.039122303835169e7	0.9999973566141511
1.049139729136309e7	0.999997343074575
1.0592537251772897e7	0.9999973294078822
1.0694652229266452e7	0.9999973156125788
1.0797751623277094e7	0.9999973016871239
1.0901844923851268e7	0.999997287629928
1.1006941712522103e7	0.999997273439351
1.1113051663191281e7	0.9999972591136994
1.122018454301963e7	0.9999972446512253
1.1328350213326072e7	0.999997230050124
1.1437558630495388e7	0.9999972153085311
1.154781984689458e7	0.9999972004245226
1.1659144011798311e7	0.9999971853961103
1.177154137232304e7	0.9999971702212417
1.188502227437019e7	0.9999971548977978
1.1999597163578587e7	0.9999971394235901
1.2115276586285876e7	0.9999971237963604
1.2232071190499326e7	0.9999971080137773
1.234999172687585e7	0.9999970920734358
1.2469049049711742e7	0.9999970759728549
1.2589254117941663e7	0.9999970597094762
1.2710617996147458e7	0.9999970432806622
1.2833151855576513e7	0.9999970266836951
1.295686697517019e7	0.999997009915776
1.308177474260193e7	0.999996992974022
1.3207886655325506e7	0.999996975855467
1.333521432163324e7	0.9999969585570598
1.3463769461724665e7	0.9999969410756627
1.3593563908785269e7	0.9999969234080524
1.3724609610075625e7	0.9999969055509176
1.3856918628031274e7	0.99999688750086
1.3990503141372928e7	0.9999968692543931
1.4125375446227554e7	0.9999968508079428
1.4261547957260085e7	0.9999968321578473
1.4399033208816327e7	0.9999968133003572
1.4537843856076606e7	0.9999967942316358
1.4677992676220706e7	0.9999967749477606
1.4819492569603847e7	0.9999967554447233
1.4962356560944328e7	0.9999967357184314
1.510659780052228e7	0.9999967157647094
1.5252229565390198e7	0.9999966955793002
1.539926526059492e7	0.9999966751578665
1.5547718420411726e7	0.999996654495994
1.5697602709590042e7	0.9999966335891921
1.5848931924611142e7	0.9999966124328976
1.6001719994958278e7	0.9999965910224764
1.6155980984398728e7	0.9999965693532277
1.6311729092278397e7	0.9999965474203848
1.6468978654828688e7	0.9999965252191216
1.6627744146486335e7	0.9999965027445543
1.678804018122559e7	0.999996479991745
1.6949881513903476e7	0.9999964569557074
1.711328304161781e7	0.9999964336314101
1.7278259805078626e7	0.9999964100137819
1.744482698999252e7	0.9999963860977149
1.7612999928460523e7	0.9999963618780731
1.7782794100389227e7	0.9999963373496934
1.7954225134915903e7	0.9999963125073952
1.8127308811846968e7	0.9999962873459832
1.8302061063110568e7	0.9999962618602548
1.8478497974222906e7	0.9999962360450068
1.865663578576911e7	0.9999962098950397
1.883649089489802e7	0.9999961834051669
1.9018079856831398e7	0.9999961565702199
1.920141938638801e7	0.9999961293850552
1.9386526359522056e7	0.9999961018445626
1.9573417814876616e7	0.9999960739436711
1.9762110955351863e7	0.999996045677357
1.9952623149688788e7	0.9999960170406519
2.0144971934067793e7	0.9999959880286495
2.033917501372293e7	0.9999959586365137
2.053525026457146e7	0.9999959288594871
2.073321573485954e7	0.9999958986928976
2.0933089646823347e7	0.999995868132168
2.1134890398366477e7	0.9999958371728226
2.133863656475326e7	0.999995805810496
2.1544346900318824e7	0.9999957740409414
2.1752040340195246e7	0.9999957418600384
2.1961736002054367e7	0.9999957092638008
2.2173453187867787e7	0.9999956762483848
2.2387211385683376e7	0.9999956428100978
2.2603030271419216e7	0.9999956089454045
2.282092971067451e7	0.9999955746509365
2.3040929760558445e7	0.9999955399234987
2.3263050671536237e7	0.9999955047600773
2.34873128892932e7	0.9999954691578475
2.3713737056616552e7	0.9999954331141807
2.3942344015295804e7	0.9999953966266503
2.4173154808041014e7	0.99999535969304
2.4406190680419814e7	0.9999953223113495
2.4641473082812812e7	0.9999952844798012
2.4879023672388345e7	0.9999952461968461
2.5118864315095823e7	0.9999952074611693
2.536101708767827e7	0.9999951682716955
2.5605504279704753e7	0.9999951286275947
2.5852348395621885e7	0.999995088528286
2.6101572156825386e7	0.9999950479734426
2.635319850375133e7	0.9999950069629955
2.6607250597988084e7	0.9999949654971371
2.686375182440805e7	0.9999949235763249
2.71227257933203e7	0.9999948812012831
2.738419634264361e7	0.9999948383730058
2.764818754010106e7	0.9999947950927592
2.791472368543512e7	0.9999947513620812
2.818382931264455e7	0.9999947071827842
2.845552919224244e7	0.999994662556954
2.872984833353663e7	0.9999946174869512
2.900681198693156e7	0.9999945719754085
2.928644564625237e7	0.9999945260252314
2.9568775051091872e7	0.9999944796395949
2.9853826189179573e7	0.9999944328219423
3.0141625298773922e7	0.9999943855759821
3.043219887107722e7	0.9999943379056839
3.0725573652674455e7	0.9999942898152759
3.102177664799498e7	0.9999942413092382
3.132083512179837e7	0.9999941923923
3.162277660168379e7	0.9999941430694324
3.192762888062425e7	0.9999940933458424
3.2235420019524593e7	0.9999940432269666
3.2546178349804603e7	0.9999939927184639
3.285993247600654e7	0.9999939418262065
3.3176711278428547e7	0.9999938905562729
3.3496543915782794e7	0.9999938389149373
3.381945982787926e7	0.9999937869086616
3.4145488738336004e7	0.9999937345440847
3.447466065731491e7	0.9999936818280113
3.480700588428413e7	0.9999936287674014
3.514255501080684e7	0.9999935753693582
3.548133892335753e7	0.9999935216411172
3.582338880616481e7	0.9999934675900319
3.616873614408161e7	0.9999934132235623
3.651741272548377e7	0.9999933585492601
3.686945064519574e7	0.9999933035747559
3.72248823074449e7	0.999993248307744
3.758374042884443e7	0.9999931927559692
3.794605804140442e7	0.9999931369272093
3.831186849557285e7	0.9999930808292617
3.868120546330525e7	0.999993024469928
3.905410294116381e7	0.9999929678569958
3.94305952534472e7	0.9999929109982247
3.981071705534969e7	0.9999928539013284
4.019450333615128e7	0.9999927965739588
4.058198942243799e7	0.9999927390236882
4.097321098135413e7	0.9999926812579939
4.1368204023885116e7	0.9999926232842389
4.176700490817191e7	0.9999925651096566
4.2169650342858225e7	0.9999925067413319
4.2576177390469156e7	0.9999924481861847
4.298662347082272e7	0.9999923894509533
4.34010263644744e7	0.999992330542175
4.381942421619436e7	0.9999922714661711
4.424185553847914e7	0.9999922122290292
4.466835921509635e7	0.9999921528365856
4.509897450466355e7	0.9999920932944089
4.553374104426248e7	0.999992033607785
4.597269885308718e7	0.9999919737816989
4.641588833612782e7	0.9999919138208201
4.686335028788954e7	0.999991853729487
4.7315125896148026e7	0.9999917935116921
4.777125674574048e7	0.999991733171067
4.823178482239309e7	0.9999916727108689
4.869675251658631e7	0.9999916121339671
4.9166202627456404e7	0.9999915514428294
4.964017836673511e7	0.9999914906395113
5.011872336272725e7	0.9999914297256435
5.0601881664326236e7	0.9999913687024212
5.108969774506924e7	0.9999913075705948
5.158221650723061e7	0.9999912463304602
5.207948328595465e7	0.9999911849818509
5.258154385342927e7	0.9999911235241299
5.3088444423098795e7	0.9999910619561849
5.360023165391796e7	0.999991000276421
5.4116952654646374e7	0.9999909384827583
5.46386549881854e7	0.9999908765726272
5.516538667595586e7	0.9999908145429668
5.569719620231798e7	0.9999907523902245
5.623413251903491e7	0.999990690110355
5.677624504977816e7	0.999990627698823
5.732358369467708e7	0.9999905651506057
5.787619883491209e7	0.999990502460196
5.8434141337351754e7	0.9999904396216087
5.8997462559235595e7	0.999990376628387
5.956621435290109e7	0.9999903134736098
6.014044907055618e7	0.9999902501499024
6.072021956909884e7	0.9999901866494464
6.130557921498202e7	0.9999901229639919
6.18965818891261e7	0.9999900590848718
6.249328199187798e7	0.9999899950030161
6.3095734448019296e7	0.9999899307089692
6.37039947118217e7	0.9999898661929068
6.431811877215091e7	0.999989801444657
6.493816315762113e7	0.9999897364537195
6.556418494179785e7	0.9999896712092886
6.619624174845146e7	0.9999896057002776
6.6834391756861486e7	0.999989539915343
6.747869370717137e7	0.9999894738429114
6.812920690579608e7	0.9999894074712077
6.878599123088081e7	0.999989340788285
6.944910713781214e7	0.9999892737820542
7.011861566478363e7	0.9999892064403177
7.079457843841374e7	0.9999891387508015
7.147705767941861e7	0.9999890707011913
7.216611620833883e7	0.9999890022791675
7.286181745132273e7	0.9999889334724436
7.356422544596422e7	0.9999888642688038
7.427340484719673e7	0.9999887946561449
7.498942093324558e7	0.9999887246225146
7.571233961163601e7	0.9999886541561566
7.644222742525995e7	0.9999885832455513
7.717915155850127e7	0.999988511879463
7.79231798434194e7	0.9999884400469834
7.867438076599394e7	0.9999883677375796
7.943282347242822e7	0.999988294941141
8.019857777551351e7	0.9999882216480294
8.097171416105618e7	0.999988147849126
8.175230379436493e7	0.9999880735358854
8.25404185268019e7	0.9999879987003851
8.333613090239559e7	0.9999879233353786
8.413951416451947e7	0.999987847434349
8.49506422626333e7	0.9999877709915634
8.576958985908946e7	0.9999876940021275
8.659643233600654e7	0.9999876164620427
8.743124580220732e7	0.9999875383682623
8.82741071002246e7	0.9999874597187489
8.91250938133746e7	0.9999873805125347
8.998428427289744e7	0.9999873007497785
9.085175756516862e7	0.9999872204318284
9.172759353897804e7	0.9999871395612808
9.261187281287937e7	0.9999870581420442
9.350467678261195e7	0.9999869761794009
9.440608762859227e7	0.9999868936800712
9.531618832347882e7	0.9999868106522778
9.623506263980888e7	0.9999867271058113
9.716279515771058e7	0.9999866430520977
9.809947127268784e7	0.9999865585042644
9.904517720348015e7	0.9999864734772097
1.e8	0.9999863879876726
1.0096402755134483e8	0.9999863020543027
1.0193734859388717e8	0.9999862156977337
1.0292005271944265e8	0.9999861289406549
1.0391223038351668e8	0.9999860418078864
1.0491397291363113e8	0.9999859543264561
1.0592537251772897e8	0.9999858665256751
1.0694652229266451e8	0.9999857784372184
1.0797751623277093e8	0.9999856900952047
1.0901844923851268e8	0.9999856015362788
1.100694171252208e8	0.9999855127996962
1.1113051663191305e8	0.9999854239274091
1.1220184543019652e8	0.9999853349641546
1.1328350213326095e8	0.9999852459575455
1.1437558630495389e8	0.9999851569581635
1.1547819846894582e8	0.9999850680196536
1.165914401179831e8	0.9999849791988238
1.1771541372323017e8	0.9999848905557447
1.1885022274370165e8	0.9999848021538549
1.1999597163578562e8	0.9999847140600668
1.2115276586285901e8	0.9999846263448787
1.2232071190499325e8	0.9999845390824884
1.2349991726875852e8	0.9999844523509106
1.2469049049711742e8	0.999984366232101
1.2589254117941661e8	0.999984280812081
1.2710617996147431e8	0.9999841961810702
1.2833151855576539e8	0.9999841124336208
1.2956866975170216e8	0.9999840296687598
1.3081774742601955e8	0.9999839479901351
1.3207886655325507e8	0.9999838675061671
1.333521432163324e8	0.999983788330207
1.3463769461724666e8	0.9999837105807006
1.3593563908785242e8	0.9999836343813603
1.3724609610075596e8	0.9999835598613419
1.3856918628031245e8	0.9999834871554302
1.3990503141372958e8	0.9999834164042315
1.4125375446227553e8	0.9999833477543757
1.4261547957260084e8	0.9999832813587243
1.4399033208816326e8	0.9999832173765896
1.4537843856076607e8	0.9999831559739624
1.4677992676220676e8	0.999983097323749
1.4819492569603878e8	0.9999830416060184
1.4962356560944358e8	0.9999829890082623
1.5106597800522313e8	0.9999829397256618
1.5252229565390196e8	0.999982893961371
1.539926526059492e8	0.9999828519268086
1.5547718420411727e8	0.9999828138419643
1.569760270959001e8	0.9999827799357178
1.584893192461111e8	0.9999827504461717
1.6001719994958246e8	0.9999827256209985
1.615598098439876e8	0.9999827057178032
1.6311729092278397e8	0.9999826910045004
1.6468978654828689e8	0.9999826817597083
1.6627744146486336e8	0.99998267827316
1.678804018122559e8	0.9999826808461307
1.6949881513903442e8	0.9999826897918852
1.7113283041617846e8	0.9999827054361428
1.727825980507866e8	0.9999827281175612
1.744482698999256e8	0.9999827581882433
1.7612999928460523e8	0.9999827960142635
1.7782794100389227e8	0.9999828419762147
1.7954225134915903e8	0.9999828964697816
1.812730881184697e8	0.9999829599063339
1.830206106311053e8	0.9999830327135469
1.847849797422287e8	0.9999831153360467
1.865663578576915e8	0.9999832082360798
1.883649089489802e8	0.9999833118942136
1.9018079856831396e8	0.999983426810064
1.920141938638801e8	0.9999835535030505
1.9386526359522057e8	0.9999836925131852
1.9573417814876577e8	0.9999838444018899
1.9762110955351904e8	0.9999840097528507
1.9952623149688828e8	0.999984189172903
2.0144971934067833e8	0.9999843832929518
2.033917501372293e8	0.9999845927689323
2.053525026457146e8	0.9999848182828045
2.073321573485954e8	0.9999850605435909
2.0933089646823347e8	0.9999853202884521
2.1134890398366433e8	0.9999855982838072
2.1338636564753217e8	0.9999858953264971
2.1544346900318867e8	0.9999862122449946
2.1752040340195245e8	0.9999865499006618
2.1961736002054366e8	0.999986909189056
2.2173453187867785e8	0.9999872910412883
2.238721138568338e8	0.9999876964254344
2.260303027141917e8	0.9999881263480013
2.2820929710674554e8	0.9999885818554507
2.3040929760558495e8	0.9999890640357839
2.3263050671536288e8	0.999989574020185
2.3487312889293203e8	0.9999901129847323
2.3713737056616554e8	0.9999906821521742
2.3942344015295804e8	0.9999912827937754
2.4173154808041012e8	0.9999919162312353
2.4406190680419764e8	0.9999925838386803
2.4641473082812762e8	0.9999932870447361
2.48790236723884e8	0.999994027334678
2.511886431509582e8	0.9999948062526692
2.536101708767827e8	0.9999956254040833
2.5605504279704756e8	0.9999964864579197
2.5852348395621887e8	0.9999973911493135
2.610157215682533e8	0.9999983412821428
2.6353198503751385e8	0.9999993387317406
2.660725059798814e8	1.000000385447712
2.686375182440811e8	1.0000014834568614
2.71227257933203e8	1.0000026348662383
2.738419634264361e8	1.000003841866301
2.764818754010106e8	1.0000051067342075
2.7914723685435116e8	1.0000064318372333
2.8183829312644494e8	1.0000078196363327
2.8455529192242384e8	1.0000092726898335
2.8729848333536685e8	1.000010793657287
2.900681198693156e8	1.0000123853034673
2.9286445646252376e8	1.0000140505025363
2.9568775051091874e8	1.0000157922423731
2.985382618917957e8	1.0000176136290826
3.014162529877386e8	1.0000195178916866
3.043219887107729e8	1.0000215083870074
3.072557365267452e8	1.0000235886047537
3.102177664799504e8	1.000025762172816
3.132083512179837e8	1.0000280328627837
3.1622776601683795e8	1.0000304045956958
3.1927628880624247e8	1.0000328814480302
3.223542001952459e8	1.000035467657954
3.254617834980453e8	1.0000381676318373
3.285993247600647e8	1.0000409859510522
3.3176711278428614e8	1.0000439273790682
3.349654391578279e8	1.0000469968688595
3.3819459827879256e8	1.0000501995706448
3.414548873833601e8	1.0000535408399727
3.447466065731491e8	1.000057026246176
3.480700588428406e8	1.000060661581217
3.514255501080691e8	1.0000644528689413
3.5481338923357606e8	1.0000684063747685
3.582338880616481e8	1.0000725286158476
3.616873614408161e8	1.0000768263716988
3.651741272548377e8	1.0000813066953789
3.6869450645195735e8	1.0000859769251988
3.72248823074449e8	1.0000908446970318
3.7583740428844357e8	1.0000959179572446
3.7946058041404337e8	1.0001012049762992
3.831186849557293e8	1.0001067143630673
3.8681205463305247e8	1.0001124550798997
3.905410294116381e8	1.000118436458511
3.94305952534472e8	1.0001246682167269
3.981071705534969e8	1.0001311604761582
4.0194503336151195e8	1.000137923780864
4.0581989422438073e8	1.0001449691170718
4.097321098135422e8	1.0001523079340313
4.1368204023885113e8	1.00015995216608
4.1767004908171904e8	1.0001679142560076
4.2169650342858225e8	1.0001762071798077
4.257617739046915e8	1.0001848444729236
4.298662347082272e8	1.0001938402580843
4.3401026364474314e8	1.000203209274854
4.381942421619427e8	1.0002129669110131
4.424185553847923e8	1.000223129235899
4.466835921509635e8	1.000233713035856
4.509897450466355e8	1.0002447358519326
4.5533741044262487e8	1.000256216019999
4.597269885308718e8	1.0002681727134453
4.641588833612773e8	1.000280625988653
4.6863350287889636e8	1.0002935968334281
4.731512589614813e8	1.0003071072186112
4.777125674574048e8	1.0003211801530811
4.823178482239309e8	1.0003358397423903
4.869675251658631e8	1.0003511112512873
4.916620262745641e8	1.0003670211703897
4.9640178366735107e8	1.0003835972872934
5.011872336272715e8	1.0004008687624213
5.060188166432613e8	1.0004188662099311
5.108969774506935e8	1.0004376217840216
5.158221650723061e8	1.0004571692709965
5.207948328595465e8	1.000477544187469
5.2581543853429276e8	1.0004987838851087
5.308844442309879e8	1.000520927662353
5.360023165391785e8	1.0005440168835416
5.411695265464648e8	1.0005680951059377
5.463865498818551e8	1.0005932082151465
5.516538667595586e8	1.0006194045694519
5.569719620231798e8	1.0006467351536306
5.623413251903491e8	1.0006752537428303
5.677624504977816e8	1.0007050170771195
5.732358369467708e8	1.0007360850473712
5.787619883491197e8	1.000768520893142
5.843414133735163e8	1.0008023914132795
5.899746255923572e8	1.0008377671899895
5.956621435290109e8	1.000874722827166
6.014044907055618e8	1.0009133372037922
6.072021956909884e8	1.0009536937432904
6.130557921498202e8	1.0009958806997121
6.189658188912597e8	1.0010399914617218
6.249328199187812e8	1.0010861248753622
6.309573444801943e8	1.0011343855866341
6.37039947118217e8	1.0011848844049724
6.431811877215091e8	1.00123773868875
6.493816315762113e8	1.0012930727539828
6.556418494179785e8	1.0013510183074723
6.619624174845146e8	1.0014117149056647
6.683439175686135e8	1.001475310440567
6.747869370717123e8	1.0015419616541135
6.812920690579622e8	1.0016118346824372
6.878599123088082e8	1.001685105631558
6.944910713781214e8	1.0017619611860655
7.011861566478363e8	1.0018425992524351
7.079457843841373e8	1.0019272296386845
7.147705767941846e8	1.0020160747721456
7.216611620833898e8	1.002109370457198
7.286181745132289e8	1.0022073666748827
7.356422544596422e8	1.0023103284263888
7.427340484719672e8	1.0024185366224858
7.498942093324559e8	1.0025322890210557
7.571233961163601e8	1.002651901214953
7.644222742525994e8	1.0027777076725228
7.717915155850111e8	1.0029100628331713
7.792317984341924e8	1.003049342260502
7.86743807659941e8	1.0031959438555997
7.943282347242821e8	1.0033502891331574
8.019857777551352e8	1.0035128245632312
8.097171416105617e8	1.003684022981522
8.175230379436493e8	1.003864385071175
8.254041852680173e8	1.0040544409192111
8.333613090239576e8	1.0042547516508114
8.413951416451964e8	1.0044659111447898
8.49506422626333e8	1.004688547833722
8.576958985908946e8	1.0049233443370074
8.659643233600653e8	1.0051709507176618
8.743124580220731e8	1.0054321640054587
8.82741071002246e8	1.005707752925775
8.912509381337441e8	1.0059985489028953
8.998428427289726e8	1.00630543070327
9.08517575651688e8	1.006629326936075
9.172759353897803e8	1.0069712186709492
9.261187281287937e8	1.0073321421776482
9.350467678261195e8	1.007713191792528
9.440608762859226e8	1.0081155229169312
9.531618832347863e8	1.0085403551527408
9.623506263980907e8	1.0089889755805406
9.716279515771078e8	1.0094627421860174
9.809947127268784e8	1.0099630874404364
9.904517720348015e8	1.0104915220412227
1.e9	1.0110496388188983
1.0096402755134482e9	1.0116391168168353
1.0193734859388716e9	1.0122617255505206
1.0292005271944265e9	1.0129193294532526
1.0391223038351669e9	1.0136138925156606
1.0491397291363113e9	1.0143474831251675
1.0592537251772897e9	1.0151222791162908
1.0694652229266452e9	1.0159405730354854
1.0797751623277094e9	1.0168047776319162
1.0901844923851268e9	1.017717431581437
1.100694171252208e9	1.0186812054528045
1.1113051663191304e9	1.019698907925267
1.1220184543019652e9	1.020773492266999
1.1328350213326094e9	1.0219080630841884
1.1437558630495389e9	1.0231058833509334
1.1547819846894581e9	1.0243703817304837
1.165914401179831e9	1.0257051601987364
1.1771541372323017e9	1.027114001981298
1.1885022274370165e9	1.028600879815847
1.1999597163578563e9	1.0301699645519564
1.21152765862859e9	1.0318256341009964
1.2232071190499325e9	1.0335724827492077
1.234999172687585e9	1.0354153308477063
1.246904904971174e9	1.037359234892517
1.258925411794166e9	1.0394094980117592
1.2710617996147432e9	1.0415716808719186
1.283315185557654e9	1.043851610971224
1.2956866975170217e9	1.0462554046871444
1.3081774742601955e9	1.048789459040501
1.3207886655325506e9	1.051460484951837
1.333521432163324e9	1.0542755102505752
1.3463769461724665e9	1.0572418955109002
1.359356390878524e9	1.0603673483827372
1.3724609610075598e9	1.0636599384888052
1.3856918628031244e9	1.0671281130579717
1.3990503141372957e9	1.0707807135613958
1.4125375446227555e9	1.0746269902928607
1.4261547957260084e9	1.0786766219514687
1.4399033208816326e9	1.0829397330084223
1.4537843856076605e9	1.087426912496074
1.4677992676220675e9	1.0921492335365635
1.481949256960388e9	1.0971182721595711
1.496235656094436e9	1.1023461357968547
1.510659780052231e9	1.107845470413586
1.5252229565390198e9	1.1136294980958714
1.5399265260594919e9	1.1197120333428308
1.5547718420411727e9	1.1261075091711479
1.569760270959001e9	1.1328310027125958
1.5848931924611108e9	1.1398982618236049
1.6001719994958246e9	1.1473257327480806
1.615598098439876e9	1.1551305888765426
1.6311729092278397e9	1.16333076064656
1.646897865482869e9	1.1719449666315482
1.6627744146486335e9	1.180992745867002
1.6788040181225588e9	1.1904944914655533
1.6949881513903444e9	1.2004714855745027
1.7113283041617844e9	1.210945935731906
1.7278259805078661e9	1.2219410126797967
1.744482698999256e9	1.2334808896958638
1.7612999928460524e9	1.2455907835074964
1.7782794100389228e9	1.2582969968551605
1.7954225134915903e9	1.2716269627749774
1.812730881184697e9	1.2856092906735548
1.830206106311053e9	1.300273814271406
1.847849797422287e9	1.315651641494713
1.8656635785769148e9	1.3317752063987658
1.8836490894898021e9	1.3486783232101396
1.9018079856831396e9	1.3663962425786533
1.920141938638801e9	1.3849657101340445
1.9386526359522057e9	1.4044250274467396
1.9573417814876575e9	1.4248141154964187
1.9762110955351903e9	1.4461745807567425
1.9952623149688828e9	1.468549784009373
2.0144971934067833e9	1.491984912005655
2.033917501372293e9	1.5165270520992633
2.0535250264571462e9	1.5422252699789363
2.073321573485954e9	1.5691306906359388
2.0933089646823347e9	1.5972965827069698
2.1134890398366432e9	1.6267784463394304
2.1338636564753218e9	1.6576341047325038
2.1544346900318866e9	1.6899237995143188
2.1752040340195246e9	1.7237102901224395
2.1961736002054367e9	1.759058957362649
2.2173453187867785e9	1.7960379113282547
2.238721138568338e9	1.8347181038706677
2.260303027141917e9	1.8751734458201743
2.2820929710674553e9	1.9174809291647363
2.3040929760558496e9	1.9617207544037045
2.326305067153629e9	2.007976463303287
2.3487312889293203e9	2.056335077290054
2.3713737056616554e9	2.106887241729802
2.39423440152958e9	2.1597273763497
2.4173154808041015e9	2.2149538320731814
2.4406190680419765e9	2.272669054548901
2.464147308281276e9	2.332979754667647
2.4879023672388396e9	2.3959970863740203
2.511886431509582e9	2.4618368320931894
2.536101708767827e9	2.5306195961077784
2.5605504279704757e9	2.602471006233855
2.5852348395621886e9	2.677521924161357
2.6101572156825333e9	2.7559086648402356
2.6353198503751383e9	2.8377732253102583
2.660725059798814e9	2.9232635233903546
2.6863751824408107e9	3.0125336466623223
2.71227257933203e9	3.1057441122019362
2.7384196342643614e9	3.203062137531929
2.7648187540101056e9	3.3046619232916923
2.791472368543512e9	3.4107249481409037
2.818382931264449e9	3.5214402764373447
2.8455529192242384e9	3.637004879253287
2.8729848333536687e9	3.7576239693202584
2.9006811986931562e9	3.883511350517569
2.9286445646252375e9	4.014889782549477
2.956877505109187e9	4.1519913614820165
2.9853826189179573e9	4.295057916843109
3.014162529877386e9	4.444341426019727
3.0432198871077285e9	4.600104446719387
3.072557365267452e9	4.7626205682972325
3.1021776647995043e9	4.932174882787383
3.132083512179837e9	5.109064476512648
3.1622776601683793e9	5.293598943188425
3.1927628880624247e9	5.486100919476521
3.2235420019524593e9	5.686906643988231
3.2546178349804535e9	5.896366540780932
3.2859932476006474e9	6.114845828439914
3.3176711278428617e9	6.342725155886304
3.3496543915782795e9	6.580401266103099
3.3819459827879257e9	6.8282876890273405
3.4145488738336005e9	7.086815464909423
3.447466065731491e9	7.356433899503131
3.480700588428406e9	7.637611352509684
3.5142555010806913e9	7.9308360607646184
3.5481338923357606e9	8.236616997722791
3.5823388806164804e9	8.555484770870379
3.616873614408161e9	8.887992558762233
3.651741272548377e9	9.234717089464727
3.686945064519573e9	9.596259662262748
3.72248823074449e9	9.973247214574858
3.7583740428844357e9	10.366333436109322
3.794605804140434e9	10.776199932386426
3.831186849557293e9	11.203557439849623
3.868120546330525e9	11.64914709488837
3.905410294116381e9	12.113741759205395
3.94305952534472e9	12.598147404066149
3.9810717055349693e9	13.103204556090454
4.0194503336151195e9	13.629789807364507
4.0581989422438073e9	14.178817392780074
4.0973210981354218e9	14.751240837638875
4.136820402388511e9	15.348054678704722
4.17670049081719e9	15.970296262023519
4.2169650342858224e9	16.61904762099174
4.2576177390469155e9	17.29543743830912
4.298662347082273e9	18.000643095619722
4.340102636447432e9	18.735892814820318
4.381942421619428e9	19.50246789519791
4.424185553847923e9	20.301705050749867
4.466835921509635e9	21.13499885223847
4.509897450466355e9	22.00380427874815
4.553374104426249e9	22.909639383721327
4.597269885308718e9	23.85408808069064
4.641588833612773e9	24.838803054157992
4.686335028788963e9	25.865508801325316
4.731512589614813e9	26.936004810642714
4.777125674574048e9	28.05216888342263
4.823178482239309e9	29.215960605043694
4.869675251658631e9	30.429424972583472
4.916620262745641e9	31.694696186027
4.964017836673511e9	33.01400161053129
5.011872336272715e9	34.389665917572074
5.060188166432613e9	35.82411541316069
5.108969774506935e9	37.31988256169956
5.158221650723061e9	38.8796107144365
5.207948328595465e9	40.50605905190781
5.258154385342927e9	42.20210775017161
5.308844442309879e9	43.97076338111166
5.360023165391785e9	45.81516455755416
5.411695265464648e9	47.73858783444477
5.463865498818551e9	49.74445387784872
5.516538667595586e9	51.836333914100514
5.569719620231798e9	54.01795647197524
5.623413251903491e9	56.29321443137741
5.677624504977817e9	58.66617239265881
5.732358369467708e9	61.14107438133395
5.787619883491197e9	63.7223519036521
5.843414133735163e9	66.4146323692036
5.899746255923572e9	69.22274789749153
5.95662143529011e9	72.15174452618345
6.014044907055617e9	75.20689183960612
6.0720219569098835e9	78.39369303687123
6.130557921498202e9	81.71789545996634
6.189658188912597e9	85.18550160306891
6.249328199187811e9	88.80278062534465
6.309573444801943e9	92.57628039051619
6.37039947118217e9	96.51284005761264
6.431811877215091e9	100.61960324839363
6.493816315762114e9	104.90403181818931
6.556418494179785e9	109.3739202581146
6.619624174845145e9	114.0374107579371
6.683439175686135e9	118.90300896024324
6.747869370717123e9	123.97960043798489
6.812920690579622e9	129.27646792899125
6.878599123088081e9	134.80330936258977
6.944910713781214e9	140.57025671517223
7.011861566478363e9	146.58789573319225
7.079457843841373e9	152.867286563959
7.147705767941846e9	159.41998533644767
7.216611620833899e9	166.25806673633127
7.286181745132289e9	173.3941476215079
7.356422544596421e9	180.84141172661734
7.427340484719672e9	188.613635507221
7.498942093324558e9	196.72521517680556
7.571233961163601e9	205.19119499219838
7.644222742525994e9	214.02729684562573
7.717915155850112e9	223.249951224369
7.792317984341925e9	232.87632960185312
7.86743807659941e9	242.92437832699397
7.943282347242822e9	253.41285408176057
8.019857777551352e9	264.36136098027686
8.097171416105618e9	275.7903893861025
8.175230379436493e9	287.72135652808043
8.254041852680173e9	300.17664899884096
8.333613090239576e9	313.1796672240505
8.413951416451964e9	326.7548719945983
8.4950642262633295e9	340.92783315837795
8.576958985908946e9	355.7252805726856
8.659643233600653e9	371.1751574232118
8.743124580220732e9	387.3066760204934
8.82741071002246e9	404.15037618995126
8.91250938133744e9	421.73818637713117
8.998428427289726e9	440.10348759548884
9.08517575651688e9	459.2811803500916
9.172759353897804e9	479.3077546768581
9.261187281287937e9	500.2213634437009
9.350467678261196e9	522.0618990665988
9.440608762859226e9	544.8710738011167
9.531618832347862e9	568.692503777326
9.623506263980907e9	593.5717969540782
9.716279515771078e9	619.556645176823
9.809947127268784e9	646.6969205321109
9.904517720348015e9	675.0447762006675
1.e10	704.6547520208666
1.0096402755134481e10	735.5838849842323
1.0193734859388716e10	767.8918248951524
1.0292005271944265e10	801.6409554379982
1.039122303835167e10	836.896520906322
1.0491397291363113e10	873.7267588609393
1.0592537251772898e10	912.2030389961589
1.069465222926645e10	952.4000085070842
1.0797751623277094e10	994.3957442641357
1.0901844923851267e10	1038.2719121160974
1.1006941712522081e10	1084.1139336578551
1.1113051663191305e10	1132.011160815044
1.1220184543019653e10	1182.0570586144268
1.1328350213326096e10	1234.3493965267091
1.1437558630495388e10	1288.9904487861224
1.1547819846894583e10	1346.0872041110551
1.1659144011798311e10	1405.7515852696674
1.1771541372323017e10	1468.1006789556664
1.1885022274370165e10	1533.256976461503
1.1999597163578562e10	1601.348625659329
1.21152765862859e10	1672.5096948244059
1.2232071190499325e10	1746.8804488607298
1.234999172687585e10	1824.6076385159956
1.246904904971174e10	1905.8448031997389
1.2589254117941662e10	1990.7525880487954
1.2710617996147432e10	2079.499075914162
1.2833151855576538e10	2172.2601349756605
1.2956866975170216e10	2269.2197827240493
1.3081774742601955e10	2370.5705670862244
1.3207886655325506e10	2476.5139655046933
1.333521432163324e10	2587.260802822392
1.3463769461724665e10	2703.0316888636344
1.3593563908785242e10	2824.0574766445693
1.3724609610075598e10	2950.579742190922
1.3856918628031244e10	3082.851286987326
1.3990503141372957e10	3221.1366641312766
1.4125375446227554e10	3365.712729315469
1.4261547957260084e10	3516.8692178170063
1.4399033208816326e10	3674.909348725848
1.4537843856076607e10	3840.150457705813
1.4677992676220675e10	4012.9246596416165
1.4819492569603878e10	4193.579542590397
1.4962356560944359e10	4382.478894523155
1.5106597800522312e10	4580.003464413848
1.5252229565390198e10	4786.551759305355
1.539926526059492e10	5002.5408790619
1.5547718420411726e10	5228.407390597152
1.569760270959001e10	5464.608243453296
1.5848931924611109e10	5711.621728695158
1.6001719994958244e10	5969.948483177604
1.6155980984398762e10	6240.112541342053
1.6311729092278397e10	6522.66243680032
1.646897865482869e10	6818.172356073653
1.6627744146486336e10	7127.243346963905
1.678804018122559e10	7450.504584155693
1.6949881513903442e10	7788.614694769926
1.7113283041617846e10	8142.263146719549
1.7278259805078663e10	8512.171702853218
1.7444826989992558e10	8899.095944018076
1.7612999928460526e10	9303.826864316745
1.778279410038923e10	9727.192541994642
1.79542251349159e10	10170.059889555476
1.812730881184697e10	10633.336486873928
1.830206106311053e10	11117.972501255106
1.847849797422287e10	11624.96269857818
1.865663578576915e10	12155.34854985919
1.883649089489802e10	12710.220437773092
1.9018079856831398e10	13290.719967896433
1.9201419386388012e10	13898.042389650862
1.9386526359522057e10	14533.439132173447
1.9573417814876575e10	15198.220460583758
1.9762110955351902e10	15893.758258380722
1.9952623149688828e10	16621.488941973108
2.0144971934067833e10	17382.916513640037
2.033917501372293e10	18179.61575950775
2.053525026457146e10	19013.235599453194
2.073321573485954e10	19885.502596168568
2.0933089646823345e10	20798.224630967452
2.1134890398366432e10	21753.294754274608
2.1338636564753216e10	22752.69521912039
2.1544346900318867e10	23798.501706357263
2.1752040340195244e10	24892.887750729085
2.1961736002054367e10	26038.129377367968
2.2173453187867786e10	27236.609958734804
2.2387211385683376e10	28490.825302512058
2.260303027141917e10	29803.388981450138
2.2820929710674557e10	31177.037916694888
2.3040929760558495e10	32614.638226671028
2.3263050671536285e10	34119.191354182454
2.34873128892932e10	35693.84048497351
2.3713737056616554e10	37341.87727164832
2.3942344015295803e10	39066.74887749312
2.417315480804101e10	40872.065355446604
2.440619068041976e10	42761.60737818589
2.4641473082812763e10	44739.334336059495
2.4879023672388397e10	46809.392820395195
2.511886431509582e10	48976.125510539874
2.536101708767827e10	51244.08048388169
2.5605504279704754e10	53618.02096899089
2.5852348395621887e10	56102.93556300602
2.6101572156825333e10	58704.0489353792
2.6353198503751385e10	61426.8330411557
2.660725059798814e10	64277.01886805674
2.6863751824408104e10	67260.60874281525
2.7122725793320297e10	70383.88922338473
2.7384196342643612e10	73653.44460494927
2.764818754010106e10	77076.17106896968
2.791472368543512e10	80659.29150589704
2.8183829312644493e10	84410.37104364485
2.8455529192242382e10	88337.33331543664
2.8729848333536686e10	92448.47750224698
2.900681198693156e10	96752.4961867177
2.9286445646252373e10	101258.49405722343
2.9568775051091873e10	105976.00750253623
2.9853826189179573e10	110915.02513952619
3.0141625298773857e10	116086.00931831634
3.0432198871077286e10	121499.91865143595
3.072557365267452e10	127168.23161570908
3.1021776647995045e10	133102.97127798572
3.132083512179837e10	139316.73119816632
3.1622776601683792e10	145822.70256559114
3.192762888062425e10	152634.7026274867
3.2235420019524593e10	159767.20447095743
3.2546178349804535e10	167235.3682229395
3.2859932476006474e10	175055.0737355818
3.3176711278428616e10	183242.9548277335
3.3496543915782795e10	191816.43515654755
3.3819459827879257e10	200793.76579679066
3.4145488738336006e10	210194.06460901833
3.447466065731491e10	220037.3574817359
3.480700588428406e10	230344.6215366451
3.5142555010806915e10	241137.83039031565
3.5481338923357605e10	252440.00157002074
3.58233888061648e10	264275.2461862078
3.616873614408161e10	276668.8209687629
3.651741272548377e10	289647.18277947156
3.686945064519573e10	303238.04571831424
3.72248823074449e10	317470.4409468234
3.758374042884435e10	332374.7793575762
3.7946058041404335e10	347982.91722499946
3.831186849557293e10	364328.224979074
3.868120546330525e10	381445.6592501692
3.905410294116381e10	399371.83834040875
3.94305952534472e10	418145.1212840725
3.981071705534969e10	437805.6906674588
4.01945033361512e10	458395.63938655483
4.058198942243807e10	479959.06152934826
4.097321098135422e10	502542.1475783586
4.136820402388512e10	526193.2841384176
4.1767004908171906e10	550963.1584040716
4.216965034285822e10	576904.8675914318
4.2576177390469154e10	604074.0335697181
4.298662347082272e10	632528.9229388899
4.340102636447431e10	662330.5728114058
4.3819424216194275e10	693542.922568279
4.424185553847923e10	726232.9518723752
4.466835921509635e10	760470.8252351327
4.509897450466355e10	796330.0434471192
4.553374104426248e10	833887.6021969827
4.597269885308718e10	873224.1582191162
4.641588833612772e10	914424.2033260781
4.686335028788963e10	957576.2466986922
4.7315125896148125e10	1.0027730058241219e6
4.777125674574048e10	1.050111606490977e6
4.823178482239309e10	1.0996937922690734e6
4.869675251658631e10	1.1516261439221953e6
4.9166202627456406e10	1.206020309222917e6
4.964017836673511e10	1.2629932436606246e6
5.011872336272715e10	1.3226674625569806e6
5.060188166432613e10	1.3851713051271213e6
5.108969774506934e10	1.4506392110502222e6
5.1582216507230606e10	1.5192120101392143e6
5.207948328595465e10	1.5910372257277058e6
5.2581543853429276e10	1.6662693924200975e6
5.308844442309879e10	1.7450703888821122e6
5.360023165391785e10	1.827609786380056e6
5.4116952654646484e10	1.914065213810483e6
5.463865498818551e10	2.0046227399963e6
5.5165386675955864e10	2.099477274062441e6
5.569719620231798e10	2.1988329847408608e6
5.6234132519034904e10	2.3029037394955773e6
5.677624504977816e10	2.4119135643992997e6
5.732358369467708e10	2.526097125736827e6
5.787619883491197e10	2.6457002343558865e6
5.843414133735163e10	2.7709803738335664e6
5.899746255923572e10	2.902207253576317e6
5.956621435290109e10	3.0396633880231436e6
6.0140449070556175e10	3.183644703177152e6
6.072021956909884e10	3.3344611717456523e6
6.130557921498202e10	3.4924374782304214e6
6.189658188912597e10	3.65791371537085e6
6.249328199187811e10	3.8312461134083034e6
6.3095734448019424e10	4.0128078037074753e6
6.37039947118217e10	4.202989618343373e6
6.431811877215091e10	4.402200927334311e6
6.493816315762113e10	4.610870515281942e6
6.556418494179785e10	4.829447499258958e6
6.6196241748451454e10	5.058402289871004e6
6.683439175686135e10	5.29822759750813e6
6.747869370717123e10	5.549439485894147e6
6.812920690579622e10	5.812578475139799e6
6.878599123088081e10	6.088210696606428e6
6.944910713781213e10	6.376929101995577e6
7.011861566478363e10	6.679354729187242e6
7.079457843841373e10	6.996138027469399e6
7.147705767941846e10	7.327960244920791e6
7.216611620833897e10	7.675534880836545e6
7.286181745132289e10	8.039609206217933e6
7.356422544596422e10	8.42096585548911e6
7.427340484719673e10	8.820424492743583e6
7.498942093324559e10	9.238843555979634e6
7.571233961163602e10	9.67712208293894e6
7.644222742525995e10	1.0136201622329194e7
7.717915155850111e10	1.061706823438395e7
7.792317984341924e10	1.1120754584893385e7
7.86743807659941e10	1.1648342137028461e7
7.943282347242822e10	1.2200963445476385e7
8.019857777551352e10	1.2779804557615517e7
8.097171416105618e10	1.3386107526665585e7
8.175230379436493e10	1.4021173041980015e7
8.254041852680173e10	1.4686363181878805e7
8.333613090239577e10	1.5383104294665257e7
8.413951416451965e10	1.6112890013724558e7
8.49506422626333e10	1.6877284412874866e7
8.576958985908946e10	1.7677925308410075e7
8.659643233600653e10	1.85165277145749e7
8.743124580220732e10	1.9394887459510755e7
8.827410710022461e10	2.0314884969030004e7
8.91250938133744e10	2.127848922590757e7
8.998428427289726e10	2.2287761912723884e7
9.085175756516881e10	2.3344861746655073e7
9.172759353897803e10	2.4452049014979783e7
9.261187281287938e10	2.5611690320474003e7
9.350467678261195e10	2.6826263546259895e7
9.440608762859225e10	2.8098363050119065e7
9.531618832347862e10	2.9430705098716423e7
9.623506263980907e10	3.0826133552651446e7
9.716279515771077e10	3.2287625813734595e7
9.809947127268784e10	3.38182990464065e7
9.904517720348015e10	3.542141668572423e7
1.e11	3.7100395244913e7
1.0096402755134482e11	3.885881143604252e7
1.0193734859388716e11	4.0700409617992006e7
1.0292005271944264e11	4.262910958649196e7
1.039122303835167e11	4.464901472168309e7
1.0491397291363069e11	4.676442050931114e7
1.0592537251772897e11	4.897982345238697e7
1.0694652229266452e11	5.129993039087142e7
1.0797751623277094e11	5.372966824773392e7
1.0901844923851268e11	5.627419422050318e7
1.1006941712522125e11	5.893890643829499e7
1.1113051663191304e11	6.172945510514796e7
1.1220184543019653e11	6.465175415143082e7
1.1328350213326096e11	6.771199341599102e7
1.1437558630495389e11	7.09166513827352e7
1.1547819846894582e11	7.4272508496333e7
1.1659144011798311e11	7.77866610828072e7
1.1771541372323016e11	8.146653590188335e7
1.1885022274370164e11	8.531990535912645e7
1.1999597163578563e11	8.93549034070914e7
1.2115276586285852e11	9.358004216596793e7
1.2232071190499326e11	9.800422929550044e7
1.2349991726875851e11	1.0263678615130486e8
1.2469049049711742e11	1.074874667601519e8
1.2589254117941661e11	1.125664776501831e8
1.2710617996147484e11	1.1788449857361665e8
1.2833151855576538e11	1.2345270416102761e8
1.2956866975170216e11	1.2928278654799214e8
1.3081774742601955e11	1.3538697901651296e8
1.3207886655325507e11	1.4177808069550115e8
1.333521432163324e11	1.484694823663828e8
1.3463769461724666e11	1.5547519342183736e8
1.3593563908785242e11	1.6280987002765566e8
1.3724609610075597e11	1.7048884453978005e8
1.3856918628031244e11	1.7852815623072782e8
1.39905031413729e11	1.8694458338182688e8
1.4125375446227554e11	1.9575567680001193e8
1.4261547957260086e11	2.0497979482029063e8
1.4399033208816327e11	2.1463613985756004e8
1.4537843856076605e11	2.2474479657390073e8
1.4677992676220737e11	2.3532677173027515e8
1.481949256960388e11	2.4640403579422116e8
1.4962356560944357e11	2.5799956637812445e8
1.510659780052231e11	2.701373935854531e8
1.5252229565390198e11	2.828426473455794e8
1.539926526059492e11	2.961416068209026e8
1.5547718420411728e11	3.100617519733126e8
1.569760270959001e11	3.246318173804375e8
1.5848931924611108e11	3.3988184839564973e8
1.6001719994958246e11	3.5584325974944305e8
1.6155980984398697e11	3.725488966935648e8
1.6311729092278397e11	3.900330987931872e8
1.646897865482869e11	4.0833176647636247e8
1.6627744146486334e11	4.274824304543163e8
1.678804018122559e11	4.475243241301515e8
1.6949881513903513e11	4.684984591182166e8
1.7113283041617847e11	4.9044770400072557e8
1.7278259805078662e11	5.134168664531385e8
1.744482698999256e11	5.374527788743403e8
1.7612999928460526e11	5.626043876628972e8
1.7782794100389227e11	5.889228462856402e8
1.7954225134915903e11	6.16461612290114e8
1.8127308811846967e11	6.452765484178191e8
1.8302061063110532e11	6.754260279807553e8
1.847849797422287e11	7.069710446693989e8
1.8656635785769073e11	7.399753269661573e8
1.883649089489802e11	7.74505457344272e8
1.9018079856831396e11	8.106309964381905e8
1.920141938638801e11	8.484246123779851e8
1.9386526359522058e11	8.879622154862906e8
1.9573417814876657e11	9.293230985432646e8
1.9762110955351904e11	9.725900828313437e8
1.9952623149688828e11	1.0178496701787952e9
2.0144971934067834e11	1.0651922012273543e9
2.033917501372293e11	1.1147120201568513e9
2.053525026457146e11	1.1665076461065218e9
2.073321573485954e11	1.2206819515399997e9
2.0933089646823346e11	1.2773423478082695e9
2.1134890398366434e11	1.3366009781722968e9
2.1338636564753217e11	1.3985749185543911e9
2.1544346900318777e11	1.4633863862949474e9
2.1752040340195245e11	1.5311629571986408e9
2.1961736002054367e11	1.6020377911615763e9
2.2173453187867786e11	1.676149866678925e9
2.2387211385683377e11	1.7536442245390902e9
2.2603030271419263e11	1.8346722210189023e9
2.2820929710674554e11	1.9193917909008179e9
2.3040929760558493e11	2.0079677206412237e9
2.3263050671536285e11	2.100571932024812e9
2.3487312889293204e11	2.1973837766480265e9
2.3713737056616553e11	2.2985903415805006e9
2.3942344015295804e11	2.404386766560074e9
2.4173154808041013e11	2.514976573082839e9
2.4406190680419763e11	2.630572005755523e9
2.4641473082812762e11	2.751394386282558e9
2.4879023672388297e11	2.877674480465e9
2.5118864315095822e11	3.009652878592668e9
2.5361017087678268e11	3.147580389613975e9
2.5605504279704755e11	3.291718449471829e9
2.5852348395621887e11	3.4423395439941015e9
2.610157215682544e11	3.599727646730092e9
2.6353198503751385e11	3.7641786721229453e9
2.660725059798814e11	3.9360009444085207e9
2.6863751824408105e11	4.115515682626642e9
2.7122725793320297e11	4.303057502129094e9
2.7384196342643613e11	4.498974932962129e9
2.7648187540101056e11	4.70363095549481e9
2.791472368543512e11	4.917403553655518e9
2.8183829312644495e11	5.140686286128238e9
2.845552919224238e11	5.373888875847102e9
2.8729848333536566e11	5.617437818112214e9
2.900681198693156e11	5.871777007631671e9
2.9286445646252374e11	6.137368384772889e9
2.956877505109187e11	6.4146926012845335e9
2.985382618917957e11	6.704249705718515e9
3.014162529877398e11	7.006559848754487e9
3.043219887107728e11	7.322164008590179e9
3.072557365267452e11	7.651624736524599e9
3.1021776647995044e11	7.995526922811876e9
3.132083512179837e11	8.354478582817904e9
3.1622776601683795e11	8.72911166345365e9
3.192762888062425e11	9.120082869798426e9
3.223542001952459e11	9.528074511757685e9
3.2546178349804535e11	9.95379537052465e9
3.2859932476006476e11	1.039798158453185e10
3.317671127842848e11	1.0861397554487123e10
3.3496543915782794e11	1.134483686698848e10
3.3819459827879254e11	1.1849123236100143e10
3.4145488738336005e11	1.2375111462156475e10
3.447466065731491e11	1.2923688406920563e10
3.4807005884284204e11	1.349577398408797e10
3.5142555010806915e11	1.4092322163963274e10
3.5481338923357605e11	1.4714321990971228e10
3.582338880616481e11	1.5362798612470728e10
3.616873614408161e11	1.6038814317144253e10
3.651741272548377e11	1.6743469581010952e10
3.6869450645195734e11	1.747790411887377e10
3.7224882307444904e11	1.8243297938751987e10
3.7583740428844354e11	1.904087239656876e10
3.794605804140434e11	1.987189124806026e10
3.831186849557277e11	2.0737661694541874e10
3.868120546330525e11	2.1639535418813408e10
3.905410294116381e11	2.257890960709545e10
3.94305952534472e11	2.3557227952482716e10
3.9810717055349695e11	2.4575981634937447e10
4.019450333615136e11	2.563671027237488e10
4.0581989422438074e11	2.674100283686001e10
4.097321098135422e11	2.789049852938336e10
4.1368204023885114e11	2.908688760606011e10
4.1767004908171906e11	3.0331912147960445e10
4.216965034285823e11	3.1627366766064407e10
4.257617739046915e11	3.2975099232082035e10
4.2986623470822723e11	3.4377011025063644e10
4.340102636447431e11	3.583505778285043e10
4.3819424216194275e11	3.735124964647375e10
4.424185553847905e11	3.892765148460038e10
4.466835921509635e11	4.056638298403543e10
4.509897450466355e11	4.2269618591123375e10
4.553374104426248e11	4.403958728765026e10
4.597269885308718e11	4.587857218348165e10
4.641588833612792e11	4.778890990675514e10
4.6863350287889636e11	4.977298977087988e10
4.7315125896148126e11	5.1833252695959305e10
4.7771256745740485e11	5.3972189860447334e10
4.823178482239309e11	5.619234105697262e10
4.869675251658631e11	5.849629272420873e10
4.916620262745641e11	6.088667562448564e10
4.964017836673511e11	6.336616213449984e10
5.011872336272715e11	6.593746311397334e10
5.060188166432613e11	6.860332431442684e10
5.108969774506914e11	7.136652228736624e10
5.158221650723061e11	7.422985974810596e10
5.207948328595465e11	7.719616034816235e10
5.258154385342927e11	8.026826280565666e10
5.308844442309879e11	8.344901433936943e10
5.3600231653918066e11	8.674126334811076e10
5.4116952654646484e11	9.01478512727391e10
5.463865498818551e11	9.367160357360861e10
5.516538667595586e11	9.731531975126666e10
5.569719620231798e11	1.0108176233302666e11
5.623413251903491e11	1.049736447424135e11
5.677624504977816e11	1.0899361796250381e11
5.732358369467708e11	1.1314425589778908e11
5.787619883491198e11	1.1742803933236998e11
5.843414133735164e11	1.218473383750011e11
5.899746255923547e11	1.2640439327372981e11
5.95662143529011e11	1.3110129347456815e11
6.014044907055618e11	1.3593995478977036e11
6.072021956909884e11	1.4092209453186505e11
6.130557921498202e11	1.460492044594413e11
6.189658188912622e11	1.5132252136999188e11
6.249328199187811e11	1.5674299516357654e11
6.309573444801943e11	1.6231125418888788e11
6.37039947118217e11	1.6802756767015704e11
6.431811877215092e11	1.7389180499948965e11
6.493816315762113e11	1.799033916643194e11
6.556418494179785e11	1.8606126156386224e11
6.619624174845145e11	1.9236380545155762e11
6.683439175686135e11	1.9880881522250647e11
6.747869370717123e11	2.0539342374573065e11
6.812920690579595e11	2.1211403992065042e11
6.878599123088081e11	2.1896627861539832e11
6.944910713781215e11	2.25944885121368e11
7.011861566478363e11	2.330436537337331e11
7.079457843841373e11	2.4025534004124197e11
7.147705767941875e11	2.4757156648063123e11
7.216611620833898e11	2.5498272068105307e11
7.286181745132289e11	2.6247784609215823e11
7.356422544596421e11	2.7004452435548135e11
7.427340484719673e11	2.776687488427867e11
7.498942093324558e11	2.853347887465363e11
7.571233961163601e11	2.930250430667541e11
7.644222742525994e11	3.007198837949788e11
7.717915155850111e11	3.083974875496426e11
7.792317984341924e11	3.1603365486782587e11
7.867438076599377e11	3.2360161630581177e11
7.943282347242821e11	3.3107182444493146e11
8.019857777551353e11	3.3841173083965125e11
8.097171416105618e11	3.455855468815805e11
8.175230379436493e11	3.525539874855683e11
8.254041852680206e11	3.5927399643245276e11
8.333613090239576e11	3.6569845212662573e11
8.413951416451964e11	3.717758524454869e11
8.49506422626333e11	3.774499772713798e11
8.576958985908945e11	3.8265952720482635e11
8.659643233600653e11	3.8733773686009076e11
8.743124580220731e11	3.914119610401564e11
8.827410710022461e11	3.9480323197764935e11
8.91250938133744e11	3.974257857106267e11
8.998428427289725e11	3.9918655553711237e11
9.085175756516843e11	3.9998463035925214e11
9.172759353897804e11	3.9971067558656665e11
9.261187281287937e11	3.982463141173822e11
9.350467678261195e11	3.9546346475764246e11
9.440608762859226e11	3.912236352663362e11
9.531618832347902e11	3.853771670359957e11
9.623506263980907e11	3.777624282246626e11
9.716279515771078e11	3.682049519513702e11
9.809947127268784e11	3.5651651595018036e11
9.904517720348015e11	3.4249415984694055e11
1.e12	3.2591913597769806e11