1.e7	0.9999990627522356
1.0096402755134482e7	0.9999990630626014
1.0193734859388737e7	0.9999990633877358
1.0292005271944286e7	0.9999990637280851
1.039122303835169e7	0.9999990640840927
1.049139729136309e7	0.9999990644561967
1.0592537251772897e7	0.9999990648448308
1.0694652229266452e7	0.9999990652504205
1.0797751623277094e7	0.9999990656733824
1.0901844923851268e7	0.9999990661141228
1.1006941712522103e7	0.999999066573036
1.1113051663191281e7	0.9999990670505017
1.122018454301963e7	0.9999990675468838
1.1328350213326072e7	0.999999068062529
1.1437558630495388e7	0.9999990685977628
1.154781984689458e7	0.9999990691528898
1.1659144011798311e7	0.9999990697281901
1.177154137232304e7	0.9999990703239166
1.188502227437019e7	0.9999990709402945
1.1999597163578587e7	0.9999990715775171
1.2115276586285876e7	0.9999990722357446
1.2232071190499326e7	0.9999990729151006
1.234999172687585e7	0.9999990736156703
1.2469049049711742e7	0.9999990743374978
1.2589254117941663e7	0.9999990750805828
1.2710617996147458e7	0.9999990758448785
1.2833151855576513e7	0.9999990766302883
1.295686697517019e7	0.9999990774366644
1.308177474260193e7	0.9999990782638029
1.3207886655325506e7	0.9999990791114425
1.333521432163324e7	0.9999990799792612
1.3463769461724665e7	0.9999990808668727
1.3593563908785269e7	0.9999990817738253
1.3724609610075625e7	0.9999990826995971
1.3856918628031274e7	0.9999990836435944
1.3990503141372928e7	0.9999990846051474
1.4125375446227554e7	0.9999990855835096
1.4261547957260085e7	0.9999990865778534
1.4399033208816327e7	0.9999990875872673
1.4537843856076606e7	0.9999990886107537
1.4677992676220706e7	0.9999990896472265
1.4819492569603847e7	0.9999990906955074
1.4962356560944328e7	0.9999990917543252
1.510659780052228e7	0.9999990928223116
1.5252229565390198e7	0.9999990938979997
1.539926526059492e7	0.9999990949798219
1.5547718420411726e7	0.9999990960661073
1.5697602709590042e7	0.9999990971550805
1.5848931924611142e7	0.9999990982448589
1.6001719994958278e7	0.9999990993334518
1.6155980984398728e7	0.9999991004187585
1.6311729092278397e7	0.9999991014985669
1.6468978654828688e7	0.9999991025705522
1.6627744146486335e7	0.9999991036322772
1.678804018122559e7	0.9999991046811892
1.6949881513903476e7	0.9999991057146221
1.711328304161781e7	0.9999991067297941
1.7278259805078626e7	0.999999107723809
1.744482698999252e7	0.9999991086936545
1.7612999928460523e7	0.9999991096362055
1.7782794100389227e7	0.9999991105482225
1.7954225134915903e7	0.9999991114263534
1.8127308811846968e7	0.9999991122671348
1.8302061063110568e7	0.9999991130669934
1.8478497974222906e7	0.9999991138222488
1.865663578576911e7	0.9999991145291136
1.883649089489802e7	0.999999115183699
1.9018079856831398e7	0.9999991157820152
1.920141938638801e7	0.9999991163199752
1.9386526359522056e7	0.9999991167933998
1.9573417814876616e7	0.9999991171980195
1.9762110955351863e7	0.9999991175294799
1.9952623149688788e7	0.9999991177833466
2.0144971934067793e7	0.9999991179551099
2.033917501372293e7	0.9999991180401897
2.053525026457146e7	0.9999991180339424
2.073321573485954e7	0.9999991179316662
2.0933089646823347e7	0.9999991177286081
2.1134890398366477e7	0.9999991174199708
2.133863656475326e7	0.9999991170009193
2.1544346900318824e7	0.9999991164665901
2.1752040340195246e7	0.9999991158120978
2.1961736002054367e7	0.9999991150325441
2.2173453187867787e7	0.9999991141230269
2.2387211385683376e7	0.9999991130786492
2.2603030271419216e7	0.9999991118945281
2.282092971067451e7	0.9999991105658055
2.3040929760558445e7	0.9999991090876578
2.3263050671536237e7	0.9999991074553061
2.34873128892932e7	0.9999991056640278
2.3713737056616552e7	0.9999991037091672
2.3942344015295804e7	0.9999991015861466
2.4173154808041014e7	0.9999990992904785
2.4406190680419814e7	0.9999990968177769
2.4641473082812812e7	0.99999909416377
2.4879023672388345e7	0.999999091324312
2.5118864315095823e7	0.9999990882953959
2.536101708767827e7	0.9999990850731657
2.5605504279704753e7	0.9999990816539298
2.5852348395621885e7	0.9999990780341738
2.6101572156825386e7	0.999999074210573
2.635319850375133e7	0.9999990701800057
2.6607250597988084e7	0.9999990659395666
2.686375182440805e7	0.9999990614865799
2.71227257933203e7	0.9999990568186115
2.738419634264361e7	0.9999990519334834
2.764818754010106e7	0.9999990468292859
2.791472368543512e7	0.9999990415043901
2.818382931264455e7	0.9999990359574619
2.845552919224244e7	0.9999990301874727
2.872984833353663e7	0.9999990241937137
2.900681198693156e7	0.9999990179758067
2.928644564625237e7	0.9999990115337162
2.9568775051091872e7	0.9999990048677608
2.9853826189179573e7	0.9999989979786255
3.0141625298773922e7	0.9999989908673705
3.043219887107722e7	0.9999989835354436
3.0725573652674455e7	0.9999989759846891
3.102177664799498e7	0.9999989682173569
3.132083512179837e7	0.999998960236113
3.162277660168379e7	0.9999989520440463
3.192762888062425e7	0.9999989436446776
3.2235420019524593e7	0.999998935041966
3.2546178349804603e7	0.9999989262403166
3.285993247600654e7	0.9999989172445856
3.3176711278428547e7	0.9999989080600856
3.3496543915782794e7	0.9999988986925908
3.381945982787926e7	0.9999988891483403
3.4145488738336004e7	0.9999988794340413
3.447466065731491e7	0.9999988695568711
3.480700588428413e7	0.9999988595244789
3.514255501080684e7	0.9999988493449857
3.548133892335753e7	0.9999988390269852
3.582338880616481e7	0.9999988285795408
3.616873614408161e7	0.9999988180121857
3.651741272548377e7	0.9999988073349181
3.686945064519574e7	0.9999987965581978
3.72248823074449e7	0.9999987856929416
3.758374042884443e7	0.9999987747505177
3.794605804140442e7	0.9999987637427376
3.831186849557285e7	0.9999987526818496
3.868120546330525e7	0.9999987415805303
3.905410294116381e7	0.9999987304518736
3.94305952534472e7	0.9999987193093814
3.981071705534969e7	0.9999987081669508
4.019450333615128e7	0.9999986970388626
4.058198942243799e7	0.9999986859397672
4.097321098135413e7	0.9999986748846703
4.1368204023885116e7	0.9999986638889183
4.176700490817191e7	0.9999986529681811
4.2169650342858225e7	0.9999986421384355
4.2576177390469156e7	0.999998631415947
4.298662347082272e7	0.9999986208172521
4.34010263644744e7	0.9999986103591376
4.381942421619436e7	0.9999986000586212
4.424185553847914e7	0.9999985899329303
4.466835921509635e7	0.9999985799994804
4.509897450466355e7	0.9999985702758524
4.553374104426248e7	0.9999985607797716
4.597269885308718e7	0.999998551529082
4.641588833612782e7	0.9999985425417244
4.686335028788954e7	0.9999985338357108
4.7315125896148026e7	0.9999985254291014
4.777125674574048e7	0.9999985173399779
4.823178482239309e7	0.9999985095864199
4.869675251658631e7	0.9999985021864791
4.9166202627456404e7	0.9999984951581531
4.964017836673511e7	0.9999984885193615
5.011872336272725e7	0.9999984822879189
5.0601881664326236e7	0.9999984764815109
5.108969774506924e7	0.9999984711176677
5.158221650723061e7	0.99999846621374
5.207948328595465e7	0.9999984617868747
5.258154385342927e7	0.9999984578539891
5.3088444423098795e7	0.9999984544317491
5.360023165391796e7	0.9999984515365444
5.4116952654646374e7	0.9999984491844673
5.46386549881854e7	0.99999844739129
5.516538667595586e7	0.9999984461724429
5.569719620231798e7	0.9999984455429966
5.623413251903491e7	0.9999984455176397
5.677624504977816e7	0.9999984461106631
5.732358369467708e7	0.9999984473359415
5.787619883491209e7	0.9999984492069176
5.8434141337351754e7	0.9999984517365871
5.8997462559235595e7	0.9999984549374862
5.956621435290109e7	0.9999984588216783
6.014044907055618e7	0.9999984634007438
6.072021956909884e7	0.9999984686857719
6.130557921498202e7	0.9999984746873518
6.18965818891261e7	0.9999984814155669
6.249328199187798e7	0.9999984888799914
6.3095734448019296e7	0.9999984970896876
6.37039947118217e7	0.9999985060532038
6.431811877215091e7	0.9999985157785783
6.493816315762113e7	0.9999985262733395
6.556418494179785e7	0.9999985375445126
6.619624174845146e7	0.9999985495986268
6.6834391756861486e7	0.9999985624417226
6.747869370717137e7	0.9999985760793645
6.812920690579608e7	0.9999985905166531
6.878599123088081e7	0.9999986057582407
6.944910713781214e7	0.9999986218083486
7.011861566478363e7	0.9999986386707861
7.079457843841374e7	0.9999986563489721
7.147705767941861e7	0.9999986748459594
7.216611620833883e7	0.9999986941644596
7.286181745132273e7	0.9999987143068716
7.356422544596422e7	0.9999987352753117
7.427340484719673e7	0.9999987570716458
7.498942093324558e7	0.9999987796975237
7.571233961163601e7	0.9999988031544164
7.644222742525995e7	0.9999988274436532
7.717915155850127e7	0.9999988525664644
7.79231798434194e7	0.9999988785240224
7.867438076599394e7	0.9999989053174881
7.943282347242822e7	0.9999989329480568
8.019857777551351e7	0.9999989614170077
8.097171416105618e7	0.9999989907257547
8.175230379436493e7	0.9999990208758994
8.25404185268019e7	0.9999990518692863
8.333613090239559e7	0.9999990837080585
8.413951416451947e7	0.9999991163947178
8.49506422626333e7	0.9999991499321843
8.576958985908946e7	0.9999991843238584
8.659643233600654e7	0.999999219573686
8.743124580220732e7	0.9999992556862236
8.82741071002246e7	0.9999992926667052
8.91250938133746e7	0.9999993305211132
8.998428427289744e7	0.9999993692562479
9.085175756516862e7	0.9999994088798005
9.172759353897804e7	0.999999449400427
9.261187281287937e7	0.9999994908278244
9.350467678261195e7	0.9999995331728071
9.440608762859227e7	0.9999995764473874
9.531618832347882e7	0.9999996206648534
9.623506263980888e7	0.9999996658398528
9.716279515771058e7	0.9999997119884758
9.809947127268784e7	0.9999997591283393
9.904517720348015e7	0.9999998072786738
1.e8	0.9999998564604113
1.0096402755134483e8	0.9999999066962745
1.0193734859388717e8	0.9999999580108678
1.0292005271944265e8	1.0000000104307694
1.0391223038351668e8	1.0000000639846256
1.0491397291363113e8	1.0000001187032466
1.0592537251772897e8	1.0000001746197034
1.0694652229266451e8	1.0000002317694263
1.0797751623277093e8	1.000000290190307
1.0901844923851268e8	1.0000003499227987
1.100694171252208e8	1.0000004110100233
1.1113051663191305e8	1.0000004734978751
1.1220184543019652e8	1.00000053743513
1.1328350213326095e8	1.000000602873556
1.1437558630495389e8	1.0000006698680257
1.1547819846894582e8	1.0000007384766307
1.165914401179831e8	1.000000808760799
1.1771541372323017e8	1.000000880785415
1.1885022274370165e8	1.0000009546189428
1.1999597163578562e8	1.0000010303335491
1.2115276586285901e8	1.0000011080052345
1.2232071190499325e8	1.0000011877139634
1.2349991726875852e8	1.0000012695437992
1.2469049049711742e8	1.0000013535830425
1.2589254117941661e8	1.0000014399243744
1.2710617996147431e8	1.0000015286650012
1.2833151855576539e8	1.0000016199068062
1.2956866975170216e8	1.0000017137565036
1.3081774742601955e8	1.000001810325799
1.3207886655325507e8	1.0000019097315533
1.333521432163324e8	1.0000020120959525
1.3463769461724666e8	1.0000021175466838
1.3593563908785242e8	1.0000022262171167
1.3724609610075596e8	1.0000023382464909
1.3856918628031245e8	1.000002453780109
1.3990503141372958e8	1.0000025729695394
1.4125375446227553e8	1.000002695972824
1.4261547957260084e8	1.0000028229546936
1.4399033208816326e8	1.000002954086792
1.4537843856076607e8	1.0000030895479106
1.4677992676220676e8	1.0000032295242276
1.4819492569603878e8	1.000003374209559
1.4962356560944358e8	1.0000035238056222
1.5106597800522313e8	1.0000036785223037
1.5252229565390196e8	1.0000038385779437
1.539926526059492e8	1.0000040041996276
1.5547718420411727e8	1.0000041756234932
1.569760270959001e8	1.0000043530950475
1.584893192461111e8	1.0000045368694972
1.6001719994958246e8	1.0000047272120944
1.615598098439876e8	1.000004924398495
1.6311729092278397e8	1.0000051287151317
1.6468978654828689e8	1.0000053404596045
1.6627744146486336e8	1.000005559941086
1.678804018122559e8	1.000005787480743
1.6949881513903442e8	1.0000060234121781
1.7113283041617846e8	1.0000062680818878
1.727825980507866e8	1.0000065218497394
1.744482698999256e8	1.000006785089471
1.7612999928460523e8	1.000007058189208
1.7782794100389227e8	1.0000073415520045
1.7954225134915903e8	1.0000076355964067
1.812730881184697e8	1.000007940757038
1.830206106311053e8	1.00000825748521
1.847849797422287e8	1.00000858624956
1.865663578576915e8	1.0000089275367114
1.883649089489802e8	1.0000092818519641
1.9018079856831396e8	1.0000096497200144
1.920141938638801e8	1.0000100316856997
1.9386526359522057e8	1.0000104283147802
1.9573417814876577e8	1.0000108401947458
1.9762110955351904e8	1.0000112679356632
1.9952623149688828e8	1.0000117121710512
2.0144971934067833e8	1.0000121735587943
2.033917501372293e8	1.000012652782094
2.053525026457146e8	1.000013150550457
2.073321573485954e8	1.000013667600725
2.0933089646823347e8	1.0000142046981426
2.1134890398366433e8	1.0000147626374731
2.1338636564753217e8	1.000015342244155
2.1544346900318867e8	1.0000159443755046
2.1752040340195245e8	1.0000165699219712
2.1961736002054366e8	1.000017219808436
2.2173453187867785e8	1.0000178949955676
2.238721138568338e8	1.0000185964812283
2.260303027141917e8	1.0000193253019383
2.2820929710674554e8	1.0000200825343957
2.3040929760558495e8	1.0000208692970594
2.3263050671536288e8	1.0000216867517904
2.3487312889293203e8	1.0000225361055628
2.3713737056616554e8	1.0000234186122372
2.3942344015295804e8	1.0000243355744083
2.4173154808041012e8	1.000025288345323
2.4406190680419764e8	1.0000262783308724
2.4641473082812762e8	1.0000273069916674
2.48790236723884e8	1.0000283758451887
2.511886431509582e8	1.0000294864680275
2.536101708767827e8	1.000030640498211
2.5605504279704756e8	1.0000318396376209
2.5852348395621887e8	1.0000330856545043
2.610157215682533e8	1.0000343803860883
2.6353198503751385e8	1.0000357257412917
2.660725059798814e8	1.0000371237035495
2.686375182440811e8	1.0000385763337434
2.71227257933203e8	1.0000400857732523
2.738419634264361e8	1.000041654247121
2.764818754010106e8	1.000043284067356
2.7914723685435116e8	1.0000449776363511
2.8183829312644494e8	1.0000467374504503
2.8455529192242384e8	1.0000485661036516
2.8729848333536685e8	1.0000504662914622
2.900681198693156e8	1.000052440814903
2.9286445646252376e8	1.0000544925846806
2.9568775051091874e8	1.0000566246255231
2.985382618917957e8	1.0000588400806951
3.014162529877386e8	1.000061142216695
3.043219887107729e8	1.0000635344281448
3.072557365267452e8	1.0000660202428842
3.102177664799504e8	1.0000686033272708
3.132083512179837e8	1.0000712874917062
3.1622776601683795e8	1.0000740766963905
3.1927628880624247e8	1.0000769750573215
3.223542001952459e8	1.0000799868525498
3.254617834980453e8	1.0000831165287012
3.285993247600647e8	1.0000863687077803
3.3176711278428614e8	1.000089748194276
3.349654391578279e8	1.0000932599825734
3.3819459827879256e8	1.0000969092647018
3.414548873833601e8	1.0001007014384273
3.447466065731491e8	1.000104642115715
3.480700588428406e8	1.0001087371315802
3.514255501080691e8	1.0001129925533512
3.5481338923357606e8	1.000117414690368
3.582338880616481e8	1.000122010104144
3.616873614408161e8	1.0001267856190172
3.651741272548377e8	1.0001317483333247
3.6869450645195735e8	1.0001369056311271
3.72248823074449e8	1.000142265194526
3.7583740428844357e8	1.0001478350166062
3.7946058041404337e8	1.0001536234150459
3.831186849557293e8	1.0001596390464413
3.8681205463305247e8	1.0001658909213869
3.905410294116381e8	1.0001723884203724
3.94305952534472e8	1.00017914131054
3.981071705534969e8	1.0001861597633737
4.0194503336151195e8	1.0001934543733737
4.0581989422438073e8	1.000201036177792
4.097321098135422e8	1.0002089166775017
4.1368204023885113e8	1.000217107859079
4.1767004908171904e8	1.0002256222181845
4.2169650342858225e8	1.0002344727843349
4.257617739046915e8	1.0002436731471693
4.298662347082272e8	1.000253237484307
4.3401026364474314e8	1.0002631805909203
4.381942421619427e8	1.0002735179111428
4.424185553847923e8	1.0002842655714377
4.466835921509635e8	1.0002954404160764
4.509897450466355e8	1.0003070600448722
4.5533741044262487e8	1.0003191428533298
4.597269885308718e8	1.0003317080753846
4.641588833612773e8	1.0003447758289152
4.6863350287889636e8	1.0003583671642233
4.731512589614813e8	1.0003725041156915
4.777125674574048e8	1.0003872097568425
4.823178482239309e8	1.000402508259032
4.869675251658631e8	1.0004184249540353
4.916620262745641e8	1.0004349864007884
4.9640178366735107e8	1.000452220456572
5.011872336272715e8	1.0004701563529421
5.060188166432613e8	1.0004888247767252
5.108969774506935e8	1.0005082579564188
5.158221650723061e8	1.00052848975436
5.207948328595465e8	1.0005495557650415
5.2581543853429276e8	1.0005714934199779
5.308844442309879e8	1.0005943420995504
5.360023165391785e8	1.0006181432522803
5.411695265464648e8	1.000642940522005
5.463865498818551e8	1.0006687798834606
5.516538667595586e8	1.0006957097867966
5.569719620231798e8	1.000723781311583
5.623413251903491e8	1.0007530483308944
5.677624504977816e8	1.0007835676860855
5.732358369467708e8	1.0008153993729116
5.787619883491197e8	1.00084860673967
5.843414133735163e8	1.000883256698083
5.899746255923572e8	1.0009194199476659
5.956621435290109e8	1.0009571712143768
6.014044907055618e8	1.0009965895043633
6.072021956909884e8	1.0010377583736823
6.130557921498202e8	1.001080766214886
6.189658188912597e8	1.0011257065614314
6.249328199187812e8	1.0011726784109005
6.309573444801943e8	1.0012217865680675
6.37039947118217e8	1.0012731420088952
6.431811877215091e8	1.0013268622665963
6.493816315762113e8	1.0013830718409342
6.556418494179785e8	1.0014419026320003
6.619624174845146e8	1.0015034943997516
6.683439175686135e8	1.0015679952506509
6.747869370717123e8	1.0016355621528037
6.812920690579622e8	1.001706361481052
6.878599123088082e8	1.001780569593538
6.944910713781214e8	1.001858373441319
7.011861566478363e8	1.0019399712126733
7.079457843841373e8	1.0020255730138132
7.147705767941846e8	1.0021154015877753
7.216611620833898e8	1.0022096930733466
7.286181745132289e8	1.0023086978059408
7.356422544596422e8	1.002412681162427
7.427340484719672e8	1.002521924451988
7.498942093324559e8	1.0026367258551605
7.571233961163601e8	1.0027574014132972
7.644222742525994e8	1.0028842860707805
7.717915155850111e8	1.0030177347723925
7.792317984341924e8	1.0031581236183535
7.86743807659941e8	1.0033058510796193
7.943282347242821e8	1.0034613392761438
8.019857777551352e8	1.0036250353208864
8.097171416105617e8	1.0037974127324802
8.175230379436493e8	1.003978972919554
8.254041852680173e8	1.0041702467398275
8.333613090239576e8	1.0043717961372125
8.413951416451964e8	1.0045842158602614
8.49506422626333e8	1.0048081352654346
8.576958985908946e8	1.0050442379567237
8.659643233600653e8	1.0052931750297351
8.743124580220731e8	1.0055557446309424
8.82741071002246e8	1.0058327166580137
8.912509381337441e8	1.0061249237834362
8.998428427289726e8	1.0064332460988688
9.08517575651688e8	1.0067586136202762
9.172759353897803e8	1.0071020089104858
9.261187281287937e8	1.0074644698239286
9.350467678261195e8	1.0078470923784761
9.440608762859226e8	1.0082510337594774
9.531618832347863e8	1.0086775154612613
9.623506263980907e8	1.0091278265715684
9.716279515771078e8	1.009603327204559
9.809947127268784e8	1.0101054520882498
9.904517720348015e8	1.0106357143124274
1.e9	1.0111957092433088
1.0096402755134482e9	1.0117871186114316
1.0193734859388716e9	1.0124117147794867
1.0292005271944265e9	1.0130713651970424
1.0391223038351669e9	1.0137680370495696
1.0491397291363113e9	1.0145038021079154
1.0592537251772897e9	1.0152808417891515
1.0694652229266452e9	1.0161014524325194
1.0797751623277094e9	1.0169680508019006
1.0901844923851268e9	1.0178831798221124
1.100694171252208e9	1.018849514558094
1.1113051663191304e9	1.0198698684461582
1.1220184543019652e9	1.0209471997868143
1.1328350213326094e9	1.0220846185090087
1.1437558630495389e9	1.0232853932159822
1.1547819846894581e9	1.0245529585233208
1.165914401179831e9	1.0258909227001545
1.1771541372323017e9	1.0273030756248653
1.1885022274370165e9	1.0287933970670882
1.1999597163578563e9	1.0303660653082174
1.21152765862859e9	1.0320254661130939
1.2232071190499325e9	1.0337762020660233
1.234999172687585e9	1.035623102284948
1.246904904971174e9	1.0375712325269326
1.258925411794166e9	1.0396259057021584
1.2710617996147432e9	1.04179269280843
1.283315185557654e9	1.0440774322538553
1.2956866975170217e9	1.0464862519378277
1.3081774742601955e9	1.0490255610437924
1.3207886655325506e9	1.0517020833346837
1.333521432163324e9	1.0545228601965004
1.3463769461724665e9	1.057495266513149
1.359356390878524e9	1.0606270250379894
1.3724609610075598e9	1.063926221333614
1.3856918628031244e9	1.0674013194483258
1.3990503141372957e9	1.0710611785932806
1.4125375446227555e9	1.074915067799359
1.4261547957260084e9	1.0789726855246702
1.4399033208816326e9	1.0832441770856815
1.4537843856076605e9	1.0877401535044362
1.4677992676220675e9	1.0924717110984157
1.481949256960388e9	1.0974504503623619
1.496235656094436e9	1.1026885045325707
1.510659780052231e9	1.1081985467857884
1.5252229565390198e9	1.1139938279057207
1.5399265260594919e9	1.1200881926522765
1.5547718420411727e9	1.126496105949731
1.569760270959001e9	1.133232678571834
1.5848931924611108e9	1.1403136938435414
1.6001719994958246e9	1.147755635400809
1.615598098439876e9	1.1555757160517734
1.6311729092278397e9	1.1637919077845509
1.646897865482869e9	1.1724229729689954
1.6627744146486335e9	1.1814884968017785
1.6788040181225588e9	1.191008921046484
1.6949881513903444e9	1.2010055791226857
1.7113283041617844e9	1.211500732600422
1.7278259805078661e9	1.2225176091590086
1.744482698999256e9	1.2340804420718732
1.7612999928460524e9	1.246214511281722
1.7782794100389228e9	1.2589461861334132
1.7954225134915903e9	1.27230296983484
1.812730881184697e9	1.286313545719336
1.830206106311053e9	1.3010078253864157
1.847849797422287e9	1.3164169988011158
1.8656635785769148e9	1.3325735864358061
1.8836490894898021e9	1.3495114935420902
1.9018079856831396e9	1.3672660666444367
1.920141938638801e9	1.3858741523511005
1.9386526359522057e9	1.405374158582371
1.9573417814876575e9	1.4258061183205395
1.9762110955351903e9	1.4472117559906905
1.9952623149688828e9	1.4696345565862092
2.0144971934067833e9	1.4931198376581956
2.033917501372293e9	1.5177148242929395
2.0535250264571462e9	1.543468727207479
2.073321573485954e9	1.570432824098842
2.0933089646823347e9	1.5986605443886825
2.1134890398366432e9	1.6282075575112853
2.1338636564753218e9	1.6591318648995095
2.1544346900318866e9	1.6914938958301056
2.1752040340195246e9	1.7253566072968964
2.1961736002054367e9	1.7607855880880894
2.2173453187867785e9	1.7978491672513202
2.238721138568338e9	1.8366185271386324
2.260303027141917e9	1.8771678212318412
2.2820929710674553e9	1.9195742969577199
2.3040929760558496e9	1.9639184237116003
2.326305067153629e9	2.0102840263180117
2.3487312889293203e9	2.0587584241665287
2.3713737056616554e9	2.1094325762721398
2.39423440152958e9	2.1624012325201565
2.4173154808041015e9	2.217763091367331
2.4406190680419765e9	2.275620964282842
2.464147308281276e9	2.336081947225482
2.4879023672388396e9	2.399257599466466
2.511886431509582e9	2.4652641300808753
2.536101708767827e9	2.5342225924456927
2.5605504279704757e9	2.606259087096429
2.5852348395621886e9	2.6815049733108625
2.6101572156825333e9	2.7600970898045634
2.6353198503751383e9	2.842177984939689
2.660725059798814e9	2.927896156866691
2.6863751824408107e9	3.0174063040376975
2.71227257933203e9	3.110869586548798
2.7384196342643614e9	3.208453898790076
2.7648187540101056e9	3.310334153902892
2.791472368543512e9	3.4166925805664983
2.818382931264449e9	3.527719032659416
2.8455529192242384e9	3.64361131236538
2.8729848333536687e9	3.7645755073194027
2.9006811986931562e9	3.890826342415377
2.9286445646252375e9	4.0225875469264825
2.956877505109187e9	4.160092237616136
2.9853826189179573e9	4.303583318550205
3.014162529877386e9	4.45331389835173
3.0432198871077285e9	4.609547725673331
3.072557365267452e9	4.772559643696871
3.1021776647995043e9	4.942636064507842
3.132083512179837e9	5.120075464227835
3.1622776601683793e9	5.305188899830664
3.1927628880624247e9	5.4983005486082135
3.2235420019524593e9	5.699748271296201
3.2546178349804535e9	5.909884199915577
3.2859932476006474e9	6.129075351433412
3.3176711278428617e9	6.357704268396837
3.3496543915782795e9	6.596169687745601
3.3819459827879257e9	6.844887239065412
3.4145488738336005e9	7.104290173598102
3.447466065731491e9	7.374830125388012
3.480700588428406e9	7.656977906004557
3.5142555010806913e9	7.9512243343474545
3.5481338923357606e9	8.25808110310845
3.5823388806164804e9	8.578081683538072
3.616873614408161e9	8.911782270236424
3.651741272548377e9	9.259762767770077
3.686945064519573e9	9.622627820996694
3.72248823074449e9	10.00100789106579
3.7583740428844357e9	10.395560379154016
3.794605804140434e9	10.806970800087473
3.831186849557293e9	11.235954008102231
3.868120546330525e9	11.68325547709609
3.905410294116381e9	12.149652637836237
3.94305952534472e9	12.635956274694196
3.9810717055349693e9	13.143011984603575
4.0194503336151195e9	13.671701701056309
4.0581989422438073e9	14.222945286083812
4.0973210981354218e9	14.797702193302792
4.136820402388511e9	15.39697320525248
4.17670049081719e9	16.021802248389893
4.2169650342858224e9	16.673278289272968
4.2576177390469155e9	17.35253731561919
4.298662347082273e9	18.060764406098755
4.340102636447432e9	18.799195892898982
4.381942421619428e9	19.569121621283035
4.424185553847923e9	20.371887310560876
4.466835921509635e9	21.208897021092433
4.509897450466355e9	22.081615732163158
4.553374104426249e9	22.99157203578397
4.597269885308718e9	23.94036095171347
4.641588833612773e9	24.929646869237697
4.686335028788963e9	25.9611666215018
4.731512589614813e9	27.036732698453662
4.777125674574048e9	28.158236604748126
4.823178482239309e9	29.327652369240667
4.869675251658631e9	30.54704021302121
4.916620262745641e9	31.818550383252482
4.964017836673511e9	33.14442716041725
5.011872336272715e9	34.52701304693191
5.060188166432613e9	35.968753145452894
5.108969774506935e9	37.472199735590515
5.158221650723061e9	39.04001705814535
5.207948328595465e9	40.6749863164201
5.258154385342927e9	42.38001090458101
5.308844442309879e9	44.158121873531286
5.360023165391785e9	46.012483645231335
5.411695265464648e9	47.946399986916674
5.463865498818551e9	49.96332025719073
5.516538667595586e9	52.06684593654649
5.569719620231798e9	54.26073745542822
5.623413251903491e9	56.54892133358276
5.677624504977817e9	58.93549764507955
5.732358369467708e9	61.42474782405021
5.787619883491197e9	64.021142826906
5.843414133735163e9	66.72935166752593
5.899746255923572e9	69.55425034268036
5.95662143529011e9	72.50093116575697
6.014044907055617e9	75.5747125277245
6.0720219569098835e9	78.7811491051155
6.130557921498202e9	82.1260425357781
6.189658188912597e9	85.61545258409377
6.249328199187811e9	89.25570881838692
6.309573444801943e9	93.053422824302
6.37039947118217e9	97.01550097907827
6.431811877215091e9	101.14915781276227
6.493816315762114e9	105.46192998367935
6.556418494179785e9	109.96169089673401
6.619624174845145e9	114.65666599446499
6.683439175686135e9	119.55544875218297
6.747869370717123e9	124.66701740999567
6.812920690579622e9	130.00075247606796
6.878599123088081e9	135.56645503706787
6.944910713781214e9	141.37436591348725
7.011861566478363e9	147.43518569922412
7.079457843841373e9	153.7600957267451
7.147705767941846e9	160.36078000105394
7.216611620833899e9	167.2494481477366
7.286181745132289e9	174.43885942248022
7.356422544596421e9	181.94234783175108
7.427340484719672e9	189.77384841656055
7.498942093324558e9	197.94792475380945
7.571233961163601e9	206.47979773220317
7.644222742525994e9	215.38537566245347
7.717915155850112e9	224.6812857842917
7.792317984341925e9	234.38490723578764
7.86743807659941e9	244.5144055535541
7.943282347242822e9	255.08876877564916
8.019857777551352e9	266.12784522245994
8.097171416105618e9	277.65238303428185
8.175230379436493e9	289.68407154817146
8.254041852680173e9	302.2455846004804
8.333613090239576e9	315.3606258456085
8.413951416451964e9	329.0539761857593
8.4950642262633295e9	343.3515434110928
8.576958985908946e9	358.28041415419443
8.659643233600653e9	373.8689082678975
8.743124580220732e9	390.1466357405632
8.82741071002246e9	407.1445562683668
8.91250938133744e9	424.8950416098272
8.998428427289726e9	443.43194085374756
9.08517575651688e9	462.79064873798677
9.172759353897804e9	483.0081771629616
9.261187281287937e9	504.1232300507712
9.350467678261196e9	526.1762817077548
9.440608762859226e9	549.2096588560611
9.531618832347862e9	573.2676265075335
9.623506263980907e9	598.3964778615243
9.716279515771078e9	624.6446284168102
9.809947127268784e9	652.0627144970825
9.904517720348015e9	680.7036963985898
1.e10	710.622966378839
1.0096402755134481e10	741.8784617154707
1.0193734859388716e10	774.530783075411
1.0292005271944265e10	808.6433184458659
1.039122303835167e10	844.2823728906858
1.0491397291363113e10	881.5173044082738
1.0592537251772898e10	920.420666180211
1.069465222926645e10	961.068355513993
1.0797751623277094e10	1003.5397697971164
1.0901844923851267e10	1047.9179697955365
1.1006941712522081e10	1094.2898506450622
1.1113051663191305e10	1142.7463209010211
1.1220184543019653e10	1193.3824900288846
1.1328350213326096e10	1246.2978647372342
1.1437558630495388e10	1301.5965545729168
1.1547819846894583e10	1359.387487219085
1.1659144011798311e10	1419.7846339574276
1.1771541372323017e10	1482.9072457781267
1.1885022274370165e10	1548.880100644244
1.1999597163578562e10	1617.8337624414175
1.21152765862859e10	1689.9048521693123
1.2232071190499325e10	1765.2363319575832
1.234999172687585e10	1843.977802517812
1.246904904971174e10	1926.285814670988
1.2589254117941662e10	2012.324195621907
1.2710617996147432e10	2102.264390683381
1.2833151855576538e10	2196.285821187129
1.2956866975170216e10	2294.576259353232
1.3081774742601955e10	2397.332220927918
1.3207886655325506e10	2504.759376436915
1.333521432163324e10	2617.0729819436456
1.3463769461724665e10	2734.498330243425
1.3593563908785242e10	2857.2712234697724
1.3724609610075598e10	2985.638468135818
1.3856918628031244e10	3119.8583936829473
1.3990503141372957e10	3260.2013956603055
1.4125375446227554e10	3406.9505047124844
1.4261547957260084e10	3560.4019826105173
1.4399033208816326e10	3720.8659466184768
1.4537843856076607e10	3888.667023552432
1.4677992676220675e10	4064.1450349523147
1.4819492569603878e10	4247.655714856173
1.4962356560944359e10	4439.57146173733
1.5106597800522312e10	4640.282126241698
1.5252229565390198e10	4850.195836438552
1.539926526059492e10	5069.739862383335
1.5547718420411726e10	5299.361521875901
1.569760270959001e10	5539.529129389106
1.5848931924611109e10	5790.732990237276
1.6001719994958244e10	6053.486442154322
1.6155980984398762e10	6328.326946555423
1.6311729092278397e10	6615.817231865372
1.646897865482869e10	6916.5464914136965
1.6627744146486336e10	7231.13163851332
1.678804018122559e10	7560.218621469686
1.6949881513903442e10	7904.483801397352
1.7113283041617846e10	8264.635395860676
1.7278259805078663e10	8641.41499149969
1.7444826989992558e10	9035.599128958058
1.7612999928460526e10	9448.000963584554
1.778279410038923e10	9879.472005552183
1.79542251349159e10	10330.90394321272
1.812730881184697e10	10803.230553688563
1.830206106311053e10	11297.429704897855
1.847849797422287e10	11814.525453411075
1.865663578576915e10	12355.590242750022
1.883649089489802e10	12921.747206961354
1.9018079856831398e10	13514.172584535207
1.9201419386388012e10	14134.0982479761
1.9386526359522057e10	14782.814354598473
1.9573417814876575e10	15461.672124383103
1.9762110955351902e10	16172.086751015268
1.9952623149688828e10	16915.540452518882
2.0144971934067833e10	17693.585668217525
2.033917501372293e10	18507.84840906812
2.053525026457146e10	19360.03176876463
2.073321573485954e10	20251.919603360777
2.0933089646823345e10	21185.380387537516
2.1134890398366432e10	22162.371256034356
2.1338636564753216e10	23184.942239175954
2.1544346900318867e10	24255.24070185791
2.1752040340195244e10	25375.51599580635
2.1961736002054367e10	26548.12433541032
2.2173453187867786e10	27775.533907909306
2.2387211385683376e10	29060.33022925565
2.260303027141917e10	30405.2217575119
2.2820929710674557e10	31813.04577621919
2.3040929760558495e10	33286.77456077361
2.3263050671536285e10	34829.52184148962
2.34873128892932e10	36444.54957767229
2.3713737056616554e10	38135.27505773625
2.3942344015295803e10	39905.278341123965
2.417315480804101e10	41758.31005854629
2.440619068041976e10	43698.29958786622
2.4641473082812763e10	45729.36362378905
2.4879023672388397e10	47855.81516040308
2.511886431509582e10	50082.172906532476
2.536101708767827e10	52413.17115485175
2.5605504279704754e10	54853.77012669561
2.5852348395621887e10	57409.16681559527
2.6101572156825333e10	60084.8063536689
2.6353198503751385e10	62886.39392617534
2.660725059798814e10	65819.90726075682
2.6863751824408104e10	68891.60971921188
2.7122725793320297e10	72108.06402094736
2.7384196342643612e10	75476.14662871734
2.764818754010106e10	79003.06282871842
2.791472368543512e10	82696.36253867476
2.8183829312644493e10	86563.95687918137
2.8455529192242382e10	90614.13554528657
2.8729848333536686e10	94855.58501709215
2.900681198693156e10	99297.40765002294
2.9286445646252373e10	103949.14168743143
2.9568775051091873e10	108820.7822402108
2.9853826189179573e10	113922.80328032697
3.0141625298773857e10	119266.18069742249
3.0432198871077286e10	124862.4164700492
3.072557365267452e10	130723.56400557305
3.1021776647995045e10	136862.25470547748
3.132083512179837e10	143291.72581546276
3.1622776601683792e10	150025.84962271017
3.192762888062425e10	157079.1640656697
3.2235420019524593e10	164466.90482491686
3.2546178349804535e10	172205.03896696755
3.2859932476006474e10	180310.30021642605
3.3176711278428616e10	188800.2259355213
3.3496543915782795e10	197693.1958939057
3.3819459827879257e10	207008.47291569726
3.4145488738336006e10	216766.24549485833
3.447466065731491e10	226987.6724745567
3.480700588428406e10	237694.92989074765
3.5142555010806915e10	248911.2600851111
3.5481338923357605e10	260661.02319756878
3.58233888061648e10	272969.75115407637
3.616873614408161e10	285864.20427084324
3.651741272548377e10	299372.43060220435
3.686945064519573e10	313523.82816547307
3.72248823074449e10	328349.2101826142
3.758374042884435e10	343880.8734854012
3.7946058041404335e10	360152.6702378556
3.831186849557293e10	377200.08313727553
3.868120546330525e10	395060.30426295777
3.905410294116381e10	413772.31775012176
3.94305952534472e10	433376.9864749405
3.981071705534969e10	453917.1429458831
4.01945033361512e10	475437.68460595456
4.058198942243807e10	497985.6737604426
4.097321098135422e10	521610.4423551631
4.136820402388512e10	546363.7018413799
4.1767004908171906e10	572299.6583747393
4.216965034285822e10	599475.1336079662
4.2576177390469154e10	627949.691349529
4.298662347082272e10	657785.7703738136
4.340102636447431e10	689048.8236822918
4.3819424216194275e10	721807.4645297335
4.424185553847923e10	756133.6195448787
4.466835921509635e10	792102.6892909416
4.509897450466355e10	829793.7166284693
4.553374104426248e10	869289.5632602607
4.597269885308718e10	910677.0948570796
4.641588833612772e10	954047.3751820493
4.686335028788963e10	999495.8696521374
4.7315125896148125e10	1.0471226587963635e6
4.777125674574048e10	1.0970326620932214e6
4.823178482239309e10	1.1493358726926667e6
4.869675251658631e10	1.2041476035533543e6
4.9166202627456406e10	1.2615887455513477e6
4.964017836673511e10	1.3217860381437459e6
5.011872336272715e10	1.3848723531992082e6
5.060188166432613e10	1.4509869926371612e6
5.108969774506934e10	1.5202760005489173e6
5.1582216507230606e10	1.5928924905065189e6
5.207948328595465e10	1.6689969888002672e6
5.2581543853429276e10	1.748757794381014e6
5.308844442309879e10	1.8323513563222368e6
5.360023165391785e10	1.919962669656107e6
5.4116952654646484e10	2.011785690479729e6
5.463865498818551e10	2.1080237712711543e6
5.5165386675955864e10	2.2088901174015924e6
5.569719620231798e10	2.3146082658769437e6
5.6234132519034904e10	2.425412587393696e6
5.677624504977816e10	2.5415488128463873e6
5.732358369467708e10	2.6632745854796604e6
5.787619883491197e10	2.7908600399362342e6
5.843414133735163e10	2.9245884095132067e6
5.899746255923572e10	3.064756663003311e6
5.956621435290109e10	3.21167617256464e6
6.0140449070556175e10	3.3656734141340866e6
6.072021956909884e10	3.5270907019717805e6
6.130557921498202e10	3.696286959003433e6
6.189658188912597e10	3.87363852470771e6
6.249328199187811e10	4.059540002381704e6
6.3095734448019424e10	4.2544051477065e6
6.37039947118217e10	4.458667800630559e6
6.431811877215091e10	4.672782862684319e6
6.493816315762113e10	4.897227321945785e6
6.556418494179785e10	5.132501327983458e6
6.6196241748451454e10	5.379129319217486e6
6.683439175686135e10	5.637661205259078e6
6.747869370717123e10	5.90867360691337e6
6.812920690579622e10	6.192771156662527e6
6.878599123088081e10	6.490587862582575e6
6.944910713781213e10	6.802788538794575e6
7.011861566478363e10	7.130070305698163e6
7.079457843841373e10	7.473164163398397e6
7.147705767941846e10	7.832836641901476e6
7.216611620833897e10	8.209891531830467e6
7.286181745132289e10	8.605171699594665e6
7.356422544596422e10	9.019560991141863e6
7.427340484719673e10	9.45398622861929e6
7.498942093324559e10	9.909419304486237e6
7.571233961163602e10	1.0386879377840104e7
7.644222742525995e10	1.0887435177952021e7
7.717915155850111e10	1.1412207420252206e7
7.792317984341924e10	1.1962371340261796e7
7.86743807659941e10	1.2539159351237005e7
7.943282347242822e10	1.3143863831571981e7
8.019857777551352e10	1.3777840048307687e7
8.097171416105618e10	1.444250922339659e7
8.175230379436493e10	1.5139361749705797e7
8.254041852680173e10	1.5869960564079784e7
8.333613090239577e10	1.6635944685142227e7
8.413951416451965e10	1.7439032923891194e7
8.49506422626333e10	1.8281027775542665e7
8.576958985908946e10	1.916381950147936e7
8.659643233600653e10	2.0089390410607483e7
8.743124580220732e10	2.1059819349872217e7
8.827410710022461e10	2.2077286414162282e7
8.91250938133744e10	2.314407788633508e7
8.998428427289726e10	2.426259141861827e7
9.085175756516881e10	2.5435341467196118e7
9.172759353897803e10	2.666496499236345e7
9.261187281287938e10	2.7954227437246602e7
9.350467678261195e10	2.9306028998709474e7
9.440608762859225e10	3.0723411204748556e7
9.531618832347862e10	3.2209563813368853e7
9.623506263980907e10	3.376783204867217e7
9.716279515771077e10	3.5401724190654166e7
9.809947127268784e10	3.71149195360289e7
9.904517720348015e10	3.8911276748222895e7
1.e11	4.079484261559502e7
1.0096402755134482e11	4.276986123785572e7
1.0193734859388716e11	4.484078366164322e7
1.0292005271944264e11	4.701227798723989e7
1.039122303835167e11	4.9289239969488904e7
1.0491397291363069e11	5.167680413710034e7
1.0592537251772897e11	5.418035545572298e7
1.0694652229266452e11	5.680554156139246e7
1.0797751623277094e11	5.955828559229328e7
1.0901844923851268e11	6.244479964810366e7
1.1006941712522125e11	6.547159890766321e7
1.1113051663191304e11	6.864551643718086e7
1.1220184543019653e11	7.197371872281042e7
1.1328350213326096e11	7.546372196303436e7
1.1437558630495389e11	7.912340915807737e7
1.1547819846894582e11	8.296104803536879e7
1.1659144011798311e11	8.698530985199118e7
1.1771541372323016e11	9.120528911706111e7
1.1885022274370164e11	9.563052427909002e7
1.1999597163578563e11	1.0027101942558019e8
1.2115276586285852e11	1.0513726704442886e8
1.2232071190499326e11	1.1024027189914286e8
1.2349991726875851e11	1.1559157607240045e8
1.2469049049711742e11	1.2120328523521605e8
1.2589254117941661e11	1.2708809620169199e8
1.2710617996147484e11	1.3325932583236115e8
1.2833151855576538e11	1.3973094135214823e8
1.2956866975170216e11	1.465175921522847e8
1.3081774742601955e11	1.536346431488135e8
1.3207886655325507e11	1.610982097739776e8
1.333521432163324e11	1.68925194680465e8
1.3463769461724666e11	1.771333262424264e8
1.3593563908785242e11	1.8574119894128767e8
1.3724609610075597e11	1.9476831572870043e8
1.3856918628031244e11	2.0423513246349457e8
1.39905031413729e11	2.1416310452424794e8
1.4125375446227554e11	2.2457473570407656e8
1.4261547957260086e11	2.3549362949943936e8
1.4399033208816327e11	2.469445429103285e8
1.4537843856076605e11	2.5895344287481704e8
1.4677992676220737e11	2.7154756546712e8
1.481949256960388e11	2.8475547799452883e8
1.4962356560944357e11	2.9860714413536817e8
1.510659780052231e11	3.13133992266885e8
1.5252229565390198e11	3.2836898713948226e8
1.539926526059492e11	3.443467050612643e8
1.5547718420411728e11	3.6110341276493317e8
1.569760270959001e11	3.786771501375098e8
1.5848931924611108e11	3.971078170022068e8
1.6001719994958246e11	4.1643726415105414e8
1.6155980984398697e11	4.3670938883662856e8
1.6311729092278397e11	4.579702349414602e8
1.646897865482869e11	4.8026809805434054e8
1.6627744146486334e11	5.036536356941965e8
1.678804018122559e11	5.281799829336734e8
1.6949881513903513e11	5.539028736872679e8
1.7113283041617847e11	5.808807679415729e8
1.7278259805078662e11	6.091749852190986e8
1.744482698999256e11	6.388498445810544e8
1.7612999928460526e11	6.699728114898002e8
1.7782794100389227e11	7.026146518672228e8
1.7954225134915903e11	7.368495937018301e8
1.8127308811846967e11	7.727554965746484e8
1.8302061063110532e11	8.104140294921997e8
1.847849797422287e11	8.499108574338119e8
1.8656635785769073e11	8.913358370405711e8
1.883649089489802e11	9.347832218941431e8
1.9018079856831396e11	9.803518778555737e8
1.920141938638801e11	1.0281455089576294e9
1.9386526359522058e11	1.0782728943678043e9
1.9573417814876657e11	1.1308481369651325e9
1.9762110955351904e11	1.1859909241000855e9
1.9952623149688828e11	1.2438268011353364e9
2.0144971934067834e11	1.3044874583936915e9
2.033917501372293e11	1.3681110321710052e9
2.053525026457146e11	1.434842420503726e9
2.073321573485954e11	1.5048336144146633e9
2.0933089646823346e11	1.5782440453960564e9
2.1134890398366434e11	1.6552409499263244e9
2.1338636564753217e11	1.7359997518558376e9
2.1544346900318777e11	1.8207044635381753e9
2.1752040340195245e11	1.9095481066262248e9
2.1961736002054367e11	2.0027331534974608e9
2.2173453187867786e11	2.1004719903207667e9
2.2387211385683377e11	2.2029874028255124e9
2.2603030271419263e11	2.31051308588708e9
2.2820929710674554e11	2.423294178096518e9
2.3040929760558493e11	2.541587822540555e9
2.3263050671536285e11	2.665663755076749e9
2.3487312889293204e11	2.795804921453162e9
2.3713737056616553e11	2.932308124687224e9
2.3942344015295804e11	3.0754847041882176e9
2.4173154808041013e11	3.2256612481805043e9
2.4406190680419763e11	3.3831803410612016e9
2.4641473082812762e11	3.548401347406032e9
2.4879023672388297e11	3.721701234421216e9
2.5118864315095822e11	3.9034754347276382e9
2.5361017087678268e11	4.0941387514554987e9
2.5605504279704755e11	4.2941263077262964e9
2.5852348395621887e11	4.503894542698407e9
2.610157215682544e11	4.723922256461862e9
2.6353198503751385e11	4.954711706178077e9
2.660725059798814e11	5.1967897559801655e9
2.6863751824408105e11	5.450709083269731e9
2.7122725793320297e11	5.717049444178564e9
2.7384196342643613e11	5.996419001097655e9
2.7648187540101056e11	6.289455715319031e9
2.791472368543512e11	6.596828807985211e9
2.8183829312644495e11	6.919240292698077e9
2.845552919224238e11	7.257426583303211e9
2.8729848333536566e11	7.612160180538645e9
2.900681198693156e11	7.984251441417818e9
2.9286445646252374e11	8.374550435405681e9
2.956877505109187e11	8.783948891649427e9
2.985382618917957e11	9.213382241728563e9
3.014162529877398e11	9.663831762614586e9
3.043219887107728e11	1.0136326824755463e10
3.072557365267452e11	1.0631947250446873e10
3.1021776647995044e11	1.115182578789858e10
3.132083512179837e11	1.169715070667659e10
3.1622776601683795e11	1.2269168520476246e10
3.192762888062425e11	1.2869186843475668e10
3.223542001952459e11	1.3498577386824894e10
3.2546178349804535e11	1.4158779102148357e10
3.2859932476006476e11	1.4851301479275644e10
3.317671127842848e11	1.5577728005769882e10
3.3496543915782794e11	1.6339719796195017e10
3.3819459827879254e11	1.713901939945025e10
3.4145488738336005e11	1.79774547929168e10
3.447466065731491e11	1.8856943572578697e10
3.4807005884284204e11	1.977949734874157e10
3.5142555010806915e11	2.0747226357436947e10
3.5481338923357605e11	2.176234429810334e10
3.582338880616481e11	2.2827173408643826e10
3.616873614408161e11	2.3944149789516357e10
3.651741272548377e11	2.5115828989078438e10
3.6869450645195734e11	2.6344891863009624e10
3.7224882307444904e11	2.763415072126566e10
3.7583740428844354e11	2.8986555776676777e10
3.794605804140434e11	3.040520190999806e10
3.831186849557277e11	3.189333576694372e10
3.868120546330525e11	3.345436320350376e10
3.905410294116381e11	3.509185709663388e10
3.94305952534472e11	3.680956553826498e10
3.9810717055349695e11	3.861142043143527e10
4.019450333615136e11	4.050154650829514e10
4.0581989422438074e11	4.2484270790686035e10
4.097321098135422e11	4.456413251503207e10
4.1368204023885114e11	4.6745893544320496e10
4.1767004908171906e11	4.903454929109642e10
4.216965034285823e11	5.143534017655163e10
4.257617739046915e11	5.395376365202746e10
4.2986623470822723e11	5.659558681054093e10
4.340102636447431e11	5.936685961730053e10
4.3819424216194275e11	6.227392878959967e10
4.424185553847905e11	6.532345235796809e10
4.466835921509635e11	6.852241494202801e10
4.509897450466355e11	7.187814377613528e10
4.553374104426248e11	7.539832552163681e10
4.597269885308718e11	7.9091023904335e10
4.641588833612792e11	8.296469821769681e10
4.6863350287889636e11	8.702822273429343e10
4.7315125896148126e11	9.129090707008818e10
4.7771256745740485e11	9.576251754832054e10
4.823178482239309e11	1.0045329961208923e11
4.869675251658631e11	1.0537400133711505e11
4.916620262745641e11	1.1053589809869797e11
4.964017836673511e11	1.1595081844954108e11
5.011872336272715e11	1.216311712678939e11
5.060188166432613e11	1.2758997423838345e11
5.108969774506914e11	1.338408837309723e11
5.158221650723061e11	1.4039822614669034e11
5.207948328595465e11	1.472770308021473e11
5.258154385342927e11	1.5449306442841806e11
5.308844442309879e11	1.620628673635186e11
5.3600231653918066e11	1.7000379152167062e11
5.4116952654646484e11	1.7833404022656476e11
5.463865498818551e11	1.8707271000020187e11
5.516538667595586e11	1.962398344032693e11
5.569719620231798e11	2.058564300278374e11
5.623413251903491e11	2.1594454474804562e11
5.677624504977816e11	2.2652730833965482e11
5.732358369467708e11	2.3762898558478772e11
5.787619883491198e11	2.4927503198389066e11
5.843414133735164e11	2.6149215220294443e11
5.899746255923547e11	2.7430836139024014e11
5.95662143529011e11	2.8775304950363226e11
6.014044907055618e11	3.018570487960714e11
6.072021956909884e11	3.1665270461459314e11
6.130557921498202e11	3.321739496753544e11
6.189658188912622e11	3.484563819855174e11
6.249328199187811e11	3.655373465909798e11
6.309573444801943e11	3.8345602133794806e11
6.37039947118217e11	4.0225350684531757e11
6.431811877215092e11	4.2197292089475793e11
6.493816315762113e11	4.426594974553915e11
6.556418494179785e11	4.6436069057068866e11
6.619624174845145e11	4.871262833463444e11
6.683439175686135e11	5.1100850228964825e11
6.747869370717123e11	5.360621372631514e11
6.812920690579595e11	5.623446673283527e11
6.878599123088081e11	5.899163927686702e11
6.944910713781215e11	6.188405735950988e11
7.011861566478363e11	6.491835748530883e11
7.079457843841373e11	6.810150190644402e11
7.147705767941875e11	7.14407946154799e11
7.216611620833898e11	7.494389812342288e11
7.286181745132289e11	7.861885106167692e11
7.356422544596421e11	8.247408664833223e11
7.427340484719673e11	8.651845206125746e11
7.498942093324558e11	9.076122876252203e11
7.571233961163601e11	9.521215382087352e11
7.644222742525994e11	9.988144228128597e11
7.717915155850111e11	1.047798106330057e12
7.792317984341924e11	1.0991850143004413e12
7.867438076599377e11	1.1530930912072046e12
7.943282347242821e11	1.2096460714563618e12
8.019857777551353e11	1.268973763663658e12
8.097171416105618e11	1.331212348902576e12
8.175230379436493e11	1.3965046935986526e12
8.254041852680206e11	1.4650006777898538e12
8.333613090239576e11	1.5368575395073796e12
8.413951416451964e11	1.612240236069149e12
8.49506422626333e11	1.6913218231160417e12
8.576958985908945e11	1.774283852262775e12
8.659643233600653e11	1.8613167882775564e12
8.743124580220731e11	1.9526204467496711e12
8.827410710022461e11	2.0484044532513638e12
8.91250938133744e11	2.1488887250496755e12
8.998428427289725e11	2.2543039764758955e12
9.085175756516843e11	2.3648922491145513e12
9.172759353897804e11	2.4809074680311235e12
9.261187281287937e11	2.6026160253170957e12
9.350467678261195e11	2.730297392294921e12
9.440608762859226e11	2.8642447617895137e12
9.531618832347902e11	3.0047657219440425e12
9.623506263980907e11	3.152182963128632e12
9.716279515771078e11	3.3068350195685195e12
9.809947127268784e11	3.469077047395746e12
9.904517720348015e11	3.6392816409144307e12
1.e12	3.8178396889563247e12