1.e7	0.9999990628413412
1.0096402755134482e7	0.9999990631559722
1.0193734859388737e7	0.9999990634855022
1.0292005271944286e7	0.999999063830377
1.039122303835169e7	0.9999990641910383
1.049139729136309e7	0.9999990645679238
1.0592537251772897e7	0.999999064961464
1.0694652229266452e7	0.9999990653720825
1.0797751623277094e7	0.9999990658001932
1.0901844923851268e7	0.9999990662461987
1.1006941712522103e7	0.9999990667104892
1.1113051663191281e7	0.9999990671934404
1.122018454301963e7	0.999999067695411
1.1328350213326072e7	0.999999068216742
1.1437558630495388e7	0.9999990687577529
1.154781984689458e7	0.9999990693187413
1.1659144011798311e7	0.9999990698999794
1.177154137232304e7	0.9999990705017129
1.188502227437019e7	0.9999990711241574
1.1999597163578587e7	0.999999071767497
1.2115276586285876e7	0.9999990724318817
1.2232071190499326e7	0.9999990731174235
1.234999172687585e7	0.9999990738241965
1.2469049049711742e7	0.9999990745522317
1.2589254117941663e7	0.9999990753015157
1.2710617996147458e7	0.9999990760719875
1.2833151855576513e7	0.9999990768635358
1.295686697517019e7	0.9999990776759967
1.308177474260193e7	0.9999990785091497
1.3207886655325506e7	0.9999990793627164
1.333521432163324e7	0.999999080236356
1.3463769461724665e7	0.9999990811296637
1.3593563908785269e7	0.9999990820421671
1.3724609610075625e7	0.9999990829733243
1.3856918628031274e7	0.999999083922519
1.3990503141372928e7	0.99999908488906
1.4125375446227554e7	0.999999085872177
1.4261547957260085e7	0.9999990868710182
1.4399033208816327e7	0.9999990878846472
1.4537843856076606e7	0.999999088912041
1.4677992676220706e7	0.999999089952087
1.4819492569603847e7	0.9999990910035796
1.4962356560944328e7	0.9999990920652199
1.510659780052228e7	0.9999990931356106
1.5252229565390198e7	0.9999990942132558
1.539926526059492e7	0.9999990952965583
1.5547718420411726e7	0.9999990963838167
1.5697602709590042e7	0.9999990974732242
1.5848931924611142e7	0.9999990985628673
1.6001719994958278e7	0.999999099650723
1.6155980984398728e7	0.999999100734658
1.6311729092278397e7	0.9999991018124278
1.6468978654828688e7	0.9999991028816749
1.6627744146486335e7	0.9999991039399282
1.678804018122559e7	0.9999991049846022
1.6949881513903476e7	0.9999991060129968
1.711328304161781e7	0.9999991070222967
1.7278259805078626e7	0.9999991080095721
1.744482698999252e7	0.9999991089717778
1.7612999928460523e7	0.9999991099057548
1.7782794100389227e7	0.9999991108082308
1.7954225134915903e7	0.999999111675821
1.8127308811846968e7	0.9999991125050299
1.8302061063110568e7	0.9999991132922527
1.8478497974222906e7	0.9999991140337772
1.865663578576911e7	0.9999991147257866
1.883649089489802e7	0.999999115364362
1.9018079856831398e7	0.999999115945485
1.920141938638801e7	0.9999991164650412
1.9386526359522056e7	0.9999991169188244
1.9573417814876616e7	0.9999991173025403
1.9762110955351863e7	0.9999991176118106
1.9952623149688788e7	0.999999117842178
2.0144971934067793e7	0.9999991179891118
2.033917501372293e7	0.9999991180480131
2.053525026457146e7	0.9999991180142203
2.073321573485954e7	0.999999117883016
2.0933089646823347e7	0.9999991176496337
2.1134890398366477e7	0.9999991173092642
2.133863656475326e7	0.9999991168570632
2.1544346900318824e7	0.9999991162881602
2.1752040340195246e7	0.9999991155976653
2.1961736002054367e7	0.9999991147806778
2.2173453187867787e7	0.9999991138322964
2.2387211385683376e7	0.9999991127476269
2.2603030271419216e7	0.9999991115217929
2.282092971067451e7	0.9999991101499451
2.3040929760558445e7	0.9999991086272719
2.3263050671536237e7	0.9999991069490102
2.34873128892932e7	0.999999105110455
2.3713737056616552e7	0.9999991031069726
2.3942344015295804e7	0.9999991009340101
2.4173154808041014e7	0.9999990985871088
2.4406190680419814e7	0.9999990960619146
2.4641473082812812e7	0.9999990933541913
2.4879023672388345e7	0.9999990904598322
2.5118864315095823e7	0.9999990873748731
2.536101708767827e7	0.9999990840955045
2.5605504279704753e7	0.9999990806180857
2.5852348395621885e7	0.9999990769391558
2.6101572156825386e7	0.9999990730554482
2.635319850375133e7	0.9999990689639031
2.6607250597988084e7	0.9999990646616809
2.686375182440805e7	0.9999990601461745
2.71227257933203e7	0.9999990554150239
2.738419634264361e7	0.9999990504661276
2.764818754010106e7	0.9999990452976569
2.791472368543512e7	0.9999990399080674
2.818382931264455e7	0.9999990342961129
2.845552919224244e7	0.9999990284608573
2.872984833353663e7	0.9999990224016864
2.900681198693156e7	0.9999990161183213
2.928644564625237e7	0.9999990096108285
2.9568775051091872e7	0.9999990028796326
2.9853826189179573e7	0.999998995925527
3.0141625298773922e7	0.999998988749684
3.043219887107722e7	0.9999989813536659
3.0725573652674455e7	0.9999989737394348
3.102177664799498e7	0.999998965909361
3.132083512179837e7	0.9999989578662328
3.162277660168379e7	0.9999989496132649
3.192762888062425e7	0.999998941154105
3.2235420019524593e7	0.9999989324928419
3.2546178349804603e7	0.999998923634012
3.285993247600654e7	0.9999989145826037
3.3176711278428547e7	0.9999989053440645
3.3496543915782794e7	0.9999988959243037
3.381945982787926e7	0.9999988863296965
3.4145488738336004e7	0.9999988765670875
3.447466065731491e7	0.9999988666437916
3.480700588428413e7	0.9999988565675956
3.514255501080684e7	0.9999988463467586
3.548133892335753e7	0.9999988359900116
3.582338880616481e7	0.9999988255065556
3.616873614408161e7	0.9999988149060596
3.651741272548377e7	0.9999988041986569
3.686945064519574e7	0.999998793394942
3.72248823074449e7	0.9999987825059632
3.758374042884443e7	0.9999987715432194
3.794605804140442e7	0.9999987605186502
3.831186849557285e7	0.9999987494446302
3.868120546330525e7	0.9999987383339588
3.905410294116381e7	0.9999987271998498
3.94305952534472e7	0.9999987160559218
3.981071705534969e7	0.9999987049161855
4.019450333615128e7	0.9999986937950308
4.058198942243799e7	0.9999986827072135
4.097321098135413e7	0.9999986716678406
4.1368204023885116e7	0.9999986606923543
4.176700490817191e7	0.999998649796516
4.2169650342858225e7	0.9999986389963884
4.2576177390469156e7	0.9999986283083186
4.298662347082272e7	0.9999986177489179
4.34010263644744e7	0.9999986073350426
4.381942421619436e7	0.9999985970837741
4.424185553847914e7	0.9999985870123964
4.466835921509635e7	0.9999985771383761
4.509897450466355e7	0.9999985674793387
4.553374104426248e7	0.9999985580530463
4.597269885308718e7	0.9999985488773737
4.641588833612782e7	0.9999985399702849
4.686335028788954e7	0.9999985313498088
4.7315125896148026e7	0.9999985230340143
4.777125674574048e7	0.9999985150409851
4.823178482239309e7	0.9999985073887954
4.869675251658631e7	0.9999985000954833
4.9166202627456404e7	0.9999984931790267
4.964017836673511e7	0.9999984866573172
5.011872336272725e7	0.999998480548134
5.0601881664326236e7	0.9999984748691202
5.108969774506924e7	0.9999984696377562
5.158221650723061e7	0.9999984648713355
5.207948328595465e7	0.9999984605869404
5.258154385342927e7	0.9999984568014177
5.3088444423098795e7	0.9999984535313549
5.360023165391796e7	0.9999984507930569
5.4116952654646374e7	0.9999984486025247
5.46386549881854e7	0.9999984469754332
5.516538667595586e7	0.99999844592711
5.569719620231798e7	0.9999984454725153
5.623413251903491e7	0.9999984456262243
5.677624504977816e7	0.9999984464024076
5.732358369467708e7	0.9999984478148157
5.787619883491209e7	0.9999984498767622
5.8434141337351754e7	0.9999984526011099
5.8997462559235595e7	0.999998456000258
5.956621435290109e7	0.9999984600861302
6.014044907055618e7	0.9999984648701645
6.072021956909884e7	0.9999984703633046
6.130557921498202e7	0.9999984765759924
6.18965818891261e7	0.9999984835181635
6.249328199187798e7	0.9999984911992424
6.3095734448019296e7	0.9999984996281412
6.37039947118217e7	0.99999850881326
6.431811877215091e7	0.9999985187624869
6.493816315762113e7	0.9999985294832033
6.556418494179785e7	0.9999985409822887
6.619624174845146e7	0.9999985532661283
6.6834391756861486e7	0.9999985663406228
6.747869370717137e7	0.9999985802111997
6.812920690579608e7	0.9999985948828272
6.878599123088081e7	0.9999986103600297
6.944910713781214e7	0.9999986266469062
7.011861566478363e7	0.9999986437471496
7.079457843841374e7	0.9999986616640696
7.147705767941861e7	0.9999986804006165
7.216611620833883e7	0.9999986999594076
7.286181745132273e7	0.999998720342756
7.356422544596422e7	0.9999987415527016
7.427340484719673e7	0.9999987635910439
7.498942093324558e7	0.9999987864593762
7.571233961163601e7	0.9999988101591238
7.644222742525995e7	0.9999988346915835
7.717915155850127e7	0.9999988600579636
7.79231798434194e7	0.9999988862594289
7.867438076599394e7	0.9999989132971447
7.943282347242822e7	0.9999989411723263
8.019857777551351e7	0.9999989698862864
8.097171416105618e7	0.9999989994404888
8.175230379436493e7	0.9999990298365994
8.25404185268019e7	0.9999990610765442
8.333613090239559e7	0.9999990931625654
8.413951416451947e7	0.9999991260972799
8.49506422626333e7	0.9999991598837419
8.576958985908946e7	0.9999991945255043
8.659643233600654e7	0.9999992300266842
8.743124580220732e7	0.9999992663920289
8.82741071002246e7	0.9999993036269837
8.91250938133746e7	0.9999993417377623
8.998428427289744e7	0.9999993807314176
9.085175756516862e7	0.9999994206159146
9.172759353897804e7	0.9999994614002053
9.261187281287937e7	0.9999995030943053
9.350467678261195e7	0.99999954570937
9.440608762859227e7	0.9999995892577758
9.531618832347882e7	0.9999996337531993
9.623506263980888e7	0.9999996792107008
9.716279515771058e7	0.9999997256468072
9.809947127268784e7	0.999999773079597
9.904517720348015e7	0.999999821528789
1.e8	0.9999998710158285
1.0096402755134483e8	0.9999999215639778
1.0193734859388717e8	0.999999973198408
1.0292005271944265e8	1.0000000259462911
1.0391223038351668e8	1.0000000798368958
1.0491397291363113e8	1.0000001349016814
1.0592537251772897e8	1.0000001911743979
1.0694652229266451e8	1.0000002486911832
1.0797751623277093e8	1.0000003074906665
1.0901844923851268e8	1.0000003676140692
1.100694171252208e8	1.000000429105311
1.1113051663191305e8	1.000000492011117
1.1220184543019652e8	1.0000005563811245
1.1328350213326095e8	1.0000006222679958
1.1437558630495389e8	1.000000689727532
1.1547819846894582e8	1.000000758818786
1.165914401179831e8	1.0000008296041827
1.1771541372323017e8	1.0000009021496383
1.1885022274370165e8	1.000000976524685
1.1999597163578562e8	1.0000010528025953
1.2115276586285901e8	1.000001131060513
1.2232071190499325e8	1.0000012113795853
1.2349991726875852e8	1.000001293845098
1.2469049049711742e8	1.0000013785466157
1.2589254117941661e8	1.000001465578125
1.2710617996147431e8	1.000001555038182
1.2833151855576539e8	1.0000016470300643
1.2956866975170216e8	1.000001741661926
1.3081774742601955e8	1.0000018390469612
1.3207886655325507e8	1.0000019393035664
1.333521432163324e8	1.0000020425555165
1.3463769461724666e8	1.0000021489321378
1.3593563908785242e8	1.000002258568494
1.3724609610075596e8	1.0000023716055741
1.3856918628031245e8	1.0000024881904896
1.3990503141372958e8	1.0000026084766758
1.4125375446227553e8	1.000002732624105
1.4261547957260084e8	1.0000028607995028
1.4399033208816326e8	1.0000029931765753
1.4537843856076607e8	1.0000031299362444
1.4677992676220676e8	1.000003271266892
1.4819492569603878e8	1.0000034173646137
1.4962356560944358e8	1.0000035684334825
1.5106597800522313e8	1.0000037246858233
1.5252229565390196e8	1.0000038863424991
1.539926526059492e8	1.000004053633205
1.5547718420411727e8	1.0000042267967815
1.569760270959001e8	1.0000044060815314
1.584893192461111e8	1.0000045917455584
1.6001719994958246e8	1.0000047840571138
1.615598098439876e8	1.0000049832949605
1.6311729092278397e8	1.00000518974875
1.6468978654828689e8	1.0000054037194186
1.6627744146486336e8	1.0000056255195955
1.678804018122559e8	1.0000058554740316
1.6949881513903442e8	1.0000060939200455
1.7113283041617846e8	1.0000063412079865
1.727825980507866e8	1.0000065977017194
1.744482698999256e8	1.0000068637791275
1.7612999928460523e8	1.0000071398326378
1.7782794100389227e8	1.0000074262697676
1.7954225134915903e8	1.000007723513695
1.812730881184697e8	1.0000080320038514
1.830206106311053e8	1.0000083521965393
1.847849797422287e8	1.0000086845655762
1.865663578576915e8	1.0000090296029662
1.883649089489802e8	1.000009387819596
1.9018079856831396e8	1.000009759745962
1.920141938638801e8	1.0000101459329291
1.9386526359522057e8	1.000010546952515
1.9573417814876577e8	1.0000109633987122
1.9762110955351904e8	1.0000113958883414
1.9952623149688828e8	1.0000118450619377
2.0144971934067833e8	1.0000123115846773
2.033917501372293e8	1.0000127961473364
2.053525026457146e8	1.000013299467294
2.073321573485954e8	1.0000138222895723
2.0933089646823347e8	1.000014365387916
2.1134890398366433e8	1.0000149295659206
2.1338636564753217e8	1.0000155156582027
2.1544346900318867e8	1.0000161245316246
2.1752040340195245e8	1.0000167570865504
2.1961736002054366e8	1.000017414258163
2.2173453187867785e8	1.0000180970178363
2.238721138568338e8	1.0000188063745685
2.260303027141917e8	1.0000195433764547
2.2820929710674554e8	1.000020309112218
2.3040929760558495e8	1.0000211047128127
2.3263050671536288e8	1.0000219313530887
2.3487312889293203e8	1.0000227902535177
2.3713737056616554e8	1.0000236826819897
2.3942344015295804e8	1.0000246099556789
2.4173154808041012e8	1.0000255734429884
2.4406190680419764e8	1.0000265745655834
2.4641473082812762e8	1.0000276148004466
2.48790236723884e8	1.0000286956820683
2.511886431509582e8	1.0000298188047154
2.536101708767827e8	1.0000309858248049
2.5605504279704756e8	1.0000321984633487
2.5852348395621887e8	1.0000334585084327
2.610157215682533e8	1.0000347678178936
2.6353198503751385e8	1.000036128322133
2.660725059798814e8	1.0000375420268819
2.686375182440811e8	1.0000390110161406
2.71227257933203e8	1.0000405374554127
2.738419634264361e8	1.0000421235947776
2.764818754010106e8	1.00004377177216
2.7914723685435116e8	1.0000454844170212
2.8183829312644494e8	1.0000472640537947
2.8455529192242384e8	1.000049113305639
2.8729848333536685e8	1.0000510348984581
2.900681198693156e8	1.0000530316646712
2.9286445646252376e8	1.000055106547849
2.9568775051091874e8	1.0000572626066901
2.985382618917957e8	1.0000595030198856
3.014162529877386e8	1.0000618310906952
3.043219887107729e8	1.0000642502518786
3.072557365267452e8	1.0000667640708347
3.102177664799504e8	1.0000693762553585
3.132083512179837e8	1.0000720906587912
3.1622776601683795e8	1.0000749112858613
3.1927628880624247e8	1.0000778422987855
3.223542001952459e8	1.0000808880238596
3.254617834980453e8	1.0000840529575818
3.285993247600647e8	1.0000873417740832
3.3176711278428614e8	1.0000907593317343
3.349654391578279e8	1.0000943106809437
3.3819459827879256e8	1.0000980010722929
3.414548873833601e8	1.0001018359640987
3.447466065731491e8	1.000105821031362
3.480700588428406e8	1.0001099621746856
3.514255501080691e8	1.0001142655292998
3.5481338923357606e8	1.0001187374755518
3.582338880616481e8	1.000123384648339
3.616873614408161e8	1.0001282139484196
3.651741272548377e8	1.0001332325538344
3.6869450645195735e8	1.0001384479308049
3.72248823074449e8	1.0001438678477248
3.7583740428844357e8	1.0001495003869258
3.7946058041404337e8	1.0001553539585297
3.831186849557293e8	1.0001614373162355
3.8681205463305247e8	1.0001677595702771
3.905410294116381e8	1.0001743302057424
3.94305952534472e8	1.0001811590986325
3.981071705534969e8	1.000188256532237
4.0194503336151195e8	1.0001956332195556
4.0581989422438073e8	1.0002033003192439
4.097321098135422e8	1.0002112694581593
4.1368204023885113e8	1.000219552757107
4.1767004908171904e8	1.0002281628480147
4.2169650342858225e8	1.000237112900738
4.257617739046915e8	1.0002464166568457
4.298662347082272e8	1.000256088448635
4.3401026364474314e8	1.0002661432285234
4.381942421619427e8	1.00027659661179
4.424185553847923e8	1.0002874649002145
4.466835921509635e8	1.0002987651144553
4.509897450466355e8	1.0003105150469502
4.5533741044262487e8	1.00032273329245
4.597269885308718e8	1.0003354392832324
4.641588833612773e8	1.0003486533533694
4.6863350287889636e8	1.000362396780471
4.731512589614813e8	1.0003766918232104
4.777125674574048e8	1.0003915617968921
4.823178482239309e8	1.0004070311324282
4.869675251658631e8	1.0004231254150147
4.916620262745641e8	1.000439871464588
4.9640178366735107e8	1.0004572974457693
5.011872336272715e8	1.0004754328985954
5.060188166432613e8	1.000494308808929
5.108969774506935e8	1.0005139576968012
5.158221650723061e8	1.0005344137726553
5.207948328595465e8	1.000555713014322
5.2581543853429276e8	1.0005778932271547
5.308844442309879e8	1.0006009941500305
5.360023165391785e8	1.00062505761232
5.411695265464648e8	1.0006501277063147
5.463865498818551e8	1.0006762508470166
5.516538667595586e8	1.0007034759168092
5.569719620231798e8	1.0007318544891768
5.623413251903491e8	1.0007614409510426
5.677624504977816e8	1.0007922926418045
5.732358369467708e8	1.0008244701063245
5.787619883491197e8	1.0008580372888596
5.843414133735163e8	1.0008930616806115
5.899746255923572e8	1.0009296145936006
5.956621435290109e8	1.0009677714408372
6.014044907055618e8	1.001007611907154
6.072021956909884e8	1.0010492202397587
6.130557921498202e8	1.0010926856161588
6.189658188912597e8	1.0011381023650494
6.249328199187812e8	1.0011855702833838
6.309573444801943e8	1.0012351950600296
6.37039947118217e8	1.001287088575154
6.431811877215091e8	1.001341369306035
6.493816315762113e8	1.001398162773213
6.556418494179785e8	1.0014576019147547
6.619624174845146e8	1.0015198275945352
6.683439175686135e8	1.0015849890710267
6.747869370717123e8	1.0016532445155695
6.812920690579622e8	1.0017247615934164
6.878599123088082e8	1.0017997180001526
6.944910713781214e8	1.001878302087074
7.011861566478363e8	1.0019607135083186
7.079457843841373e8	1.0020471639194815
7.147705767941846e8	1.0021378776960534
7.216611620833898e8	1.0022330926842498
7.286181745132289e8	1.0023330610143315
7.356422544596422e8	1.002438049952353
7.427340484719672e8	1.002548342787868
7.498942093324559e8	1.0026642397933903
7.571233961163601e8	1.0027860591922644
7.644222742525994e8	1.0029141382482698
7.717915155850111e8	1.003048834310565
7.792317984341924e8	1.0031905260785703
7.86743807659941e8	1.003339614619148
7.943282347242821e8	1.0034965248920913
8.019857777551352e8	1.0036617070762905
8.097171416105617e8	1.0038356376669064
8.175230379436493e8	1.0040188213710493
8.254041852680173e8	1.0042117926429983
8.333613090239576e8	1.0044151168647726
8.413951416451964e8	1.004629392609495
8.49506422626333e8	1.0048552534586097
8.576958985908946e8	1.005093387167797
8.659643233600653e8	1.005344448867309
8.743124580220731e8	1.0056092418060822
8.82741071002246e8	1.0058885408207103
8.912509381337441e8	1.0061831834477148
8.998428427289726e8	1.0064940554369557
9.08517575651688e8	1.0068220923823532
9.172759353897803e8	1.0071682828709536
9.261187281287937e8	1.0075336710905944
9.350467678261195e8	1.007919359676027
9.440608762859226e8	1.0083265127916814
9.531618832347863e8	1.0087563592625175
9.623506263980907e8	1.0092101958982718
9.716279515771078e8	1.0096893909061506
9.809947127268784e8	1.0101953874746954
9.904517720348015e8	1.0107297077390789
1.e9	1.011293956355533
1.0096402755134482e9	1.0118898250642352
1.0193734859388716e9	1.0125190964612014
1.0292005271944265e9	1.0131836490641195
1.0391223038351669e9	1.013885461331965
1.0491397291363113e9	1.0146266172620864
1.0592537251772897e9	1.0154093106932984
1.0694652229266452e9	1.0162358514561052
1.0797751623277094e9	1.0171086700037648
1.0901844923851268e9	1.0180303241331243
1.100694171252208e9	1.0190035039975744
1.1113051663191304e9	1.0200310396865788
1.1220184543019652e9	1.021115905666761
1.1328350213326094e9	1.0222612294540154
1.1437558630495389e9	1.0234702992811517
1.1547819846894581e9	1.024746568674623
1.165914401179831e9	1.0260936658654167
1.1771541372323017e9	1.027515403102151
1.1885022274370165e9	1.0290157826157342
1.1999597163578563e9	1.0305990054637635
1.21152765862859e9	1.032269482628893
1.2232071190499325e9	1.0340318430631794
1.234999172687585e9	1.0358909421693856
1.246904904971174e9	1.0378518741937186
1.258925411794166e9	1.0399199823399032
1.2710617996147432e9	1.0421008680107944
1.283315185557654e9	1.044400404343007
1.2956866975170217e9	1.0468247514291316
1.3081774742601955e9	1.0493803562942632
1.3207886655325506e9	1.0520739774707661
1.333521432163324e9	1.0549126968356735
1.3463769461724665e9	1.0579039304001416
1.359356390878524e9	1.0610554437263586
1.3724609610075598e9	1.0643753675854364
1.3856918628031244e9	1.0678722131424203
1.3990503141372957e9	1.071554888173782
1.4125375446227555e9	1.075432713323069
1.4261547957260084e9	1.0795154410964658
1.4399033208816326e9	1.083813273000779
1.4537843856076605e9	1.088336878805178
1.4677992676220675e9	1.0930974161148281
1.481949256960388e9	1.0981065508224388
1.496235656094436e9	1.1033763834256196
1.510659780052231e9	1.10891973921027
1.5252229565390198e9	1.1147499441745172
1.5399265260594919e9	1.120880918014702
1.5547718420411727e9	1.1273272034998945
1.569760270959001e9	1.1341039924969987
1.5848931924611108e9	1.1412271523602835
1.6001719994958246e9	1.148713254899265
1.615598098439876e9	1.1565796049054642
1.6311729092278397e9	1.164844269866068
1.646897865482869e9	1.17352611099115
1.6627744146486335e9	1.1826448187763756
1.6788040181225588e9	1.1922209418734542
1.6949881513903444e9	1.2022759270575591
1.7113283041617844e9	1.2128321523602397
1.7278259805078661e9	1.2239129667173774
1.744482698999256e9	1.2355427340231173
1.7612999928460524e9	1.2477468669211447
1.7782794100389228e9	1.2605518738401469
1.7954225134915903e9	1.2739853993545476
1.812730881184697e9	1.2880762761977465
1.830206106311053e9	1.3028545878608975
1.847849797422287e9	1.3183516941992666
1.8656635785769148e9	1.334600276659993
1.8836490894898021e9	1.3516344132023337
1.9018079856831396e9	1.369489642873512
1.920141938638801e9	1.3882030055730468
1.9386526359522057e9	1.4078131082962473
1.9573417814876575e9	1.428360195664178
1.9762110955351903e9	1.4498862101775736
1.9952623149688828e9	1.4724348613379037
2.0144971934067833e9	1.49605170239354
2.033917501372293e9	1.5207842030613334
2.0535250264571462e9	1.5466818255406984
2.073321573485954e9	1.5737961132090466
2.0933089646823347e9	1.602180768143784
2.1134890398366432e9	1.631891743257385
2.1338636564753218e9	1.6629873407639006
2.1544346900318866e9	1.6955282985714015
2.1752040340195246e9	1.729577892269372
2.1961736002054367e9	1.7652020415533105
2.2173453187867785e9	1.802469426063623
2.238721138568338e9	1.841451590317105
2.260303027141917e9	1.8822230622647558
2.2820929710674553e9	1.924861484655649
2.3040929760558496e9	1.9694477402997204
2.326305067153629e9	2.0160660860185606
2.3487312889293203e9	2.064804279316931
2.3713737056616554e9	2.1157537462605833
2.39423440152958e9	2.1690097121491028
2.4173154808041015e9	2.2246713834019554
2.4406190680419765e9	2.28284209127327
2.464147308281276e9	2.343629476869131
2.4879023672388396e9	2.4071456631362933
2.511886431509582e9	2.4735074495804183
2.536101708767827e9	2.5428365026557396
2.5605504279704757e9	2.6152595610326395
2.5852348395621886e9	2.690908649454759
2.6101572156825333e9	2.7699212966539144
2.6353198503751383e9	2.852440772990462
2.660725059798814e9	2.938616322739735
2.6863751824408107e9	3.028603426571342
2.71227257933203e9	3.122564046266333
2.7384196342643614e9	3.220666935354854
2.7648187540101056e9	3.323087882225668
2.791472368543512e9	3.4300100135657936
2.818382931264449e9	3.5416241495133467
2.8455529192242384e9	3.658129082473387
2.8729848333536687e9	3.7797319079916507
2.9006811986931562e9	3.9066484302218334
2.9286445646252375e9	4.0391034995997295
2.956877505109187e9	4.17733137171148
2.9853826189179573e9	4.321576151732326
3.014162529877386e9	4.472092215424413
3.0432198871077285e9	4.629144603342192
3.072557365267452e9	4.793009500172376
3.1021776647995043e9	4.96397474416654
3.132083512179837e9	5.142340275783681
3.1622776601683793e9	5.328418657803026
3.1927628880624247e9	5.522535660307366
3.2235420019524593e9	5.725030791088
3.2546178349804535e9	5.936257873467949
3.2859932476006474e9	6.1565857117596545
3.3176711278428617e9	6.386398713647141
3.3496543915782795e9	6.626097532922468
3.3819459827879257e9	6.8760997981893555
3.4145488738336005e9	7.136840858437929
3.447466065731491e9	7.40877451132013
3.480700588428406e9	7.692373816581723
3.5142555010806913e9	7.988131959798478
3.5481338923357606e9	8.296563084884383
3.5823388806164804e9	8.618203198875193
3.616873614408161e9	8.953611141629086
3.651741272548377e9	9.303369563935313
3.686945064519573e9	9.66808595595748
3.72248823074449e9	10.0483937699224
3.7583740428844357e9	10.444953532342401
3.794605804140434e9	10.858453995072328
3.831186849557293e9	11.28961335444491
3.868120546330525e9	11.739180556261205
3.905410294116381e9	12.207936671052607
3.94305952534472e9	12.696696327375804
3.9810717055349693e9	13.206309047960355
4.0194503336151195e9	13.737660874920048
4.0581989422438073e9	14.291675894003879
4.0973210981354218e9	14.869318080967508
4.136820402388511e9	15.471592833030227
4.17670049081719e9	16.09954887873605
4.2169650342858224e9	16.754280171927242
4.2576177390469155e9	17.436927881064246
4.298662347082273e9	18.14868252797714
4.340102636447432e9	18.890786136722706
4.381942421619428e9	19.66453441643381
4.424185553847923e9	20.471279202664824
4.466835921509635e9	21.312430900732334
4.509897450466355e9	22.189461090849214
4.553374104426249e9	23.103905177441643
4.597269885308718e9	24.057365346828178
4.641588833612773e9	25.051513493270225
4.686335028788963e9	26.088094168456728
4.731512589614813e9	27.16892791581841
4.777125674574048e9	28.295914583501563
4.823178482239309e9	29.47103692321009
4.869675251658631e9	30.696364170285825
4.916620262745641e9	31.97405600351518
4.964017836673511e9	33.30636644289069
5.011872336272715e9	34.69564820258218
5.060188166432613e9	36.14435688178009
5.108969774506935e9	37.65505568315207
5.158221650723061e9	39.23042031842557
5.207948328595465e9	40.873243894726926
5.258154385342927e9	42.58644217180867
5.308844442309879e9	44.373058875540494
5.360023165391785e9	46.23627167134278
5.411695265464648e9	48.179398156414685
5.463865498818551e9	50.205902052661905
5.516538667595586e9	52.319399823260234
5.569719620231798e9	54.52366743437486
5.623413251903491e9	56.822647607657714
5.677624504977817e9	59.22045701358729
5.732358369467708e9	61.72139435734722
5.787619883491197e9	64.32994869132298
5.843414133735163e9	67.05080773566915
5.899746255923572e9	69.88886690723201
5.95662143529011e9	72.84923883535883
6.014044907055617e9	75.93726281373505
6.0720219569098835e9	79.1585152436657
6.130557921498202e9	82.51882050059898
6.189658188912597e9	86.02426176410168
6.249328199187811e9	89.68119291540538
6.309573444801943e9	93.49625098702687
6.37039947118217e9	97.47636856483699
6.431811877215091e9	101.62878737860503
6.493816315762114e9	105.9610726373325
6.556418494179785e9	110.48112717159066
6.619624174845145e9	115.19720659046683
6.683439175686135e9	120.11793594577024
6.747869370717123e9	125.2523261729936
6.812920690579622e9	130.6097920040981
6.878599123088081e9	136.20016968758307
6.944910713781214e9	142.03373643599005
7.011861566478363e9	148.1212309684584
7.079457843841373e9	154.47387460668972
7.147705767941846e9	161.1033929244304
7.216611620833899e9	168.02203807361798
7.286181745132289e9	175.2426137223031
7.356422544596421e9	182.77850044284938
7.427340484719672e9	190.64368132561702
7.498942093324558e9	198.85276926770914
7.571233961163601e9	207.42103676593902
7.644222742525994e9	216.36444619014964
7.717915155850112e9	225.699680417518
7.792317984341925e9	235.44417602945285
7.86743807659941e9	245.61615873590185
7.943282347242822e9	256.2346793589297
8.019857777551352e9	267.319650455095
8.097171416105618e9	278.89188695856257
8.175230379436493e9	290.9731482024365
8.254041852680173e9	303.58618088701184
8.333613090239576e9	316.75476348759145
8.413951416451964e9	330.5037550436073
8.4950642262633295e9	344.85914515293433
8.576958985908946e9	359.84810446806887
8.659643233600653e9	375.4990395103041
8.743124580220732e9	391.84165099674595
8.82741071002246e9	408.9069934119935
8.91250938133744e9	426.7275356428605
8.998428427289726e9	445.33722749877387
9.08517575651688e9	464.7715691838986
9.172759353897804e9	485.0676825305054
9.261187281287937e9	506.2643842949103
9.350467678261196e9	528.402266402632
9.440608762859226e9	551.5237786911913
9.531618832347862e9	575.6733129017317
9.623506263980907e9	600.8972926455014
9.716279515771078e9	627.2442697726689
9.809947127268784e9	654.7650230782751
9.904517720348015e9	683.5126590308847
1.e10	713.5427210739999
1.0096402755134481e10	744.9133046038659
1.0193734859388716e10	777.6851751969912
1.0292005271944265e10	811.9218900756943
1.039122303835167e10	847.6899303016521
1.0491397291363113e10	885.0588379390783
1.0592537251772898e10	924.1013560488987
1.069465222926645e10	964.8935768969425
1.0797751623277094e10	1007.5151013480844
1.0901844923851267e10	1052.049202716156
1.1006941712522081e10	1098.5829947472296
1.1113051663191305e10	1147.207611522834
1.1220184543019653e10	1198.0183980274574
1.1328350213326096e10	1251.115106088343
1.1437558630495388e10	1306.6020961331244
1.1547819846894583e10	1364.5885561265573
1.1659144011798311e10	1425.188729203025
1.1771541372323017e10	1488.5221492475714
1.1885022274370165e10	1554.7138831157445
1.1999597163578562e10	1623.894794772221
1.21152765862859e10	1696.2018184078165
1.2232071190499325e10	1771.7782423940878
1.234999172687585e10	1850.7740003278143
1.246904904971174e10	1933.345985990522
1.2589254117941662e10	2019.6583839666896
1.2710617996147432e10	2109.8830122926024
1.2833151855576538e10	2204.199677956076
1.2956866975170216e10	2302.7965484464717
1.3081774742601955e10	2405.870550501661
1.3207886655325506e10	2513.6277828371817
1.333521432163324e10	2626.2839415510975
1.3463769461724665e10	2744.0647715484793
1.3593563908785242e10	2867.2065454044264
1.3724609610075598e10	2995.956559042532
1.3856918628031244e10	3130.5736436932707
1.3990503141372957e10	3271.328712021774
1.4125375446227554e10	3418.5053326554043
1.4261547957260084e10	3572.4003262963683
1.4399033208816326e10	3733.3243830060824
1.4537843856076607e10	3901.6027220622004
1.4677992676220675e10	4077.5757813036294
1.4819492569603878e10	4261.599930403749
1.4962356560944359e10	4454.048218228496
1.5106597800522312e10	4655.311170055936
1.5252229565390198e10	4865.797615919908
1.539926526059492e10	5085.935550200302
1.5547718420411726e10	5316.173027679409
1.569760270959001e10	5556.979126261945
1.5848931924611109e10	5808.844943904127
1.6001719994958244e10	6072.284641716918
1.6155980984398762e10	6347.836527456011
1.6311729092278397e10	6636.064194102712
1.646897865482869e10	6937.5577305776
1.6627744146486336e10	7252.934979647548
1.678804018122559e10	7582.84285077064
1.6949881513903442e10	7927.95868505358
1.7113283041617846e10	8288.991711306215
1.7278259805078663e10	8666.684564677362
1.7444826989992558e10	9061.81487161319
1.7612999928460526e10	9475.196894937288
1.778279410038923e10	9907.68328182263
1.79542251349159e10	10360.166898040903
1.812730881184697e10	10833.582740933833
1.830206106311053e10	11328.909932207882
1.847849797422287e10	11847.173808659782
1.865663578576915e10	12389.44813744008
1.883649089489802e10	12956.85742331672
1.9018079856831398e10	13550.579316675505
1.9201419386388012e10	14171.847128237358
1.9386526359522057e10	14821.95249888754
1.9573417814876575e10	15502.248183685539
1.9762110955351902e10	16214.150962096239
1.9952623149688828e10	16959.144663155334
2.0144971934067833e10	17738.783377791213
2.033917501372293e10	18554.694823428315
2.053525026457146e10	19408.58385812706
2.073321573485954e10	20302.23616027983
2.0933089646823345e10	21237.522055705314
2.1134890398366432e10	22216.400578482175
2.1338636564753216e10	23240.92372071663
2.1544346900318867e10	24313.240880109788
2.1752040340195244e10	25435.603991911517
2.1961736002054367e10	26610.37178342087
2.2173453187867786e10	27840.014718872808
2.2387211385683376e10	29127.12066931911
2.260303027141917e10	30474.400530617746
2.2820929710674557e10	31884.6940941701
2.3040929760558495e10	33360.976184309555
2.3263050671536285e10	34906.36315885161
2.34873128892932e10	36524.11969420647
2.3713737056616554e10	38217.6658905924
2.3942344015295803e10	39990.58469161789
2.417315480804101e10	41846.62966142176
2.440619068041976e10	43789.733204144766
2.4641473082812763e10	45824.01514359837
2.4879023672388397e10	47953.791711847516
2.511886431509582e10	50183.58493247415
2.536101708767827e10	52518.13246696641
2.5605504279704754e10	54962.39801244188
2.5852348395621887e10	57521.58215550786
2.6101572156825333e10	60201.13374583317
2.6353198503751385e10	63006.76179894031
2.660725059798814e10	65944.44791666472
2.6863751824408104e10	69020.4594377881
2.7122725793320297e10	72241.36319056338
2.7384196342643612e10	75614.03988651601
2.764818754010106e10	79145.6992086727
2.791472368543512e10	82843.89557167709
2.8183829312644493e10	86716.5446545477
2.8455529192242382e10	90771.94085276945
2.8729848333536686e10	95018.77550527458
2.900681198693156e10	99466.15599493451
2.9286445646252373e10	104123.62576045285
2.9568775051091873e10	109001.18517034406
2.9853826189179573e10	114109.31355785744
3.0141625298773857e10	119458.99235004862
3.0432198871077286e10	125061.72925095788
3.072557365267452e10	130929.58359406458
3.1021776647995045e10	137075.19288344932
3.132083512179837e10	143511.8005313208
3.1622776601683792e10	150253.28515850846
3.192762888062425e10	157314.1912517224
3.2235420019524593e10	164709.76126894512
3.2546178349804535e10	172455.96929462012
3.2859932476006474e10	180569.55619296335
3.3176711278428616e10	189068.06655997896
3.3496543915782795e10	197969.8876335619
3.3819459827879257e10	207294.28996353064
3.4145488738336006e10	217061.47004501912
3.447466065731491e10	227292.59500594696
3.480700588428406e10	238009.84926068241
3.5142555010806915e10	249236.48366366109
3.5481338923357605e10	260996.8671525282
3.58233888061648e10	273316.5407577644
3.616873614408161e10	286222.27422883443
3.651741272548377e10	299742.125405113
3.686945064519573e10	313905.5023127177
3.72248823074449e10	328743.22824250767
3.758374042884435e10	344287.61040397885
3.7946058041404335e10	360572.5117035244
3.831186849557293e10	377633.4259717824
3.868120546330525e10	395507.556841414
3.905410294116381e10	414233.90041290986
3.94305952534472e10	433853.3316102568
3.981071705534969e10	454408.6952101959
4.01945033361512e10	475944.9013549899
4.058198942243807e10	498509.02551260777
4.097321098135422e10	522150.4132893074
4.136820402388512e10	546920.7903322157
4.1767004908171906e10	572874.3774005439
4.216965034285822e10	600068.0108490605
4.2576177390469154e10	628561.2696434462
4.298662347082272e10	658416.6082820077
4.340102636447431e10	689699.4960990323
4.3819424216194275e10	722478.56333747
4.424185553847923e10	756825.7542850316
4.466835921509635e10	792816.4874019095
4.509897450466355e10	830529.8237855101
4.553374104426248e10	870048.6440699069
4.597269885308718e10	911459.8336085454
4.641588833612772e10	954854.476655611
4.686335028788963e10	1.0003280599901181e6
4.7315125896148125e10	1.0479806862514585e6
4.777125674574048e10	1.0979172972911606e6
4.823178482239309e10	1.1502479093893913e6
4.869675251658631e10	1.2050878595929367e6
4.9166202627456406e10	1.2625580638963215e6
4.964017836673511e10	1.3227852879847912e6
5.011872336272715e10	1.3859024311801423e6
5.060188166432613e10	1.4520488238756245e6
5.108969774506934e10	1.5213705388682098e6
5.1582216507230606e10	1.5940207195323221e6
5.207948328595465e10	1.670159923268208e6
5.2581543853429276e10	1.7499564815421614e6
5.308844442309879e10	1.833586877455563e6
5.360023165391785e10	1.92123614169774e6
5.4116952654646484e10	2.0130982677797077e6
5.463865498818551e10	2.109376647489344e6
5.5165386675955864e10	2.210284527219927e6
5.569719620231798e10	2.3160454855208225e6
5.6234132519034904e10	2.4268939363552094e6
5.677624504977816e10	2.543075656002079e6
5.732358369467708e10	2.6648483353541656e6
5.787619883491197e10	2.7924821591369035e6
5.843414133735163e10	2.926260413350585e6
5.899746255923572e10	3.0664801223135632e6
5.956621435290109e10	3.213452716751389e6
6.0140449070556175e10	3.367504734444134e6
6.072021956909884e10	3.528978554004112e6
6.130557921498202e10	3.698233164740101e6
6.189658188912597e10	3.8756449761210224e6
6.249328199187811e10	4.061608665299322e6
6.3095734448019424e10	4.256538065966492e6
6.37039947118217e10	4.460867100550185e6
6.431811877215091e10	4.67505075786833e6
6.493816315762113e10	4.899566118462041e6
6.556418494179785e10	5.134913429935898e6
6.6196241748451454e10	5.381617234589493e6
6.683439175686135e10	5.640227550157417e6
6.747869370717123e10	5.911321111164058e6
6.812920690579622e10	6.195502670747029e6
6.878599123088081e10	6.493406364987736e6
6.944910713781213e10	6.805697143909763e6
7.011861566478363e10	7.133072272302262e6
7.079457843841373e10	7.476262803255101e6
7.147705767941846e10	7.83603514020427e6
7.216611620833897e10	8.213193171386304e6
7.286181745132289e10	8.608579877339577e6
7.356422544596422e10	9.02307922002583e6
7.427340484719673e10	9.457618141965773e6
7.498942093324559e10	9.913168660702929e6
7.571233961163602e10	1.039075006534052e7
7.644222742525995e10	1.0891431220330993e7
7.717915155850111e10	1.1416332981732607e7
7.792317984341924e10	1.1966630731431121e7
7.86743807659941e10	1.2543557035093635e7
7.943282347242822e10	1.3148404429888615e7
8.019857777551352e10	1.3782528346232556e7
8.097171416105618e10	1.4447350173675865e7
8.175230379436493e10	1.5144360479535948e7
8.254041852680173e10	1.5875122382056892e7
8.333613090239577e10	1.6641275088560075e7
8.413951416451965e10	1.7444537606410533e7
8.49506422626333e10	1.828671263525556e7
8.576958985908946e10	1.916969064939446e7
8.659643233600653e10	2.0095454179583907e7
8.743124580220732e10	2.1066082303895433e7
8.827410710022461e10	2.2083755355280668e7
8.91250938133744e10	2.315075986169943e7
8.998428427289726e10	2.4269493730207823e7
9.085175756516881e10	2.5442471682097048e7
9.172759353897803e10	2.6672330953546707e7
9.261187281287938e10	2.796183727487542e7
9.350467678261195e10	2.931389114200854e7
9.440608762859225e10	3.0731534394468665e7
9.531618832347862e10	3.2217957114883933e7
9.623506263980907e10	3.377650486574751e7
9.716279515771077e10	3.5410686279927835e7
9.809947127268784e10	3.7124181022154145e7
9.904517720348015e10	3.892084813614377e7
1.e11	4.080473480170491e7
1.0096402755134482e11	4.278008552566174e7
1.0193734859388716e11	4.485135177845542e7
1.0292005271944264e11	4.702320210164587e7
1.039122303835167e11	4.930053270965748e7
1.0491397291363069e11	5.1688478609960586e7
1.0592537251772897e11	5.419242526706743e7
1.0694652229266452e11	5.6818020836956486e7
1.0797751623277094e11	5.957118899986653e7
1.0901844923851268e11	6.245814242073204e7
1.1006941712522125e11	6.548539686821119e7
1.1113051663191304e11	6.865978602302942e7
1.1220184543019653e11	7.198847700375153e7
1.1328350213326096e11	7.54789866660235e7
1.1437558630495389e11	7.913919869450626e7
1.1547819846894582e11	8.297738152958353e7
1.1659144011798311e11	8.700220717112032e7
1.1771541372323016e11	9.122277090222065e7
1.1885022274370164e11	9.564861197803602e7
1.1999597163578563e11	1.0028973532688484e8
1.2115276586285852e11	1.0515663431325881e8
1.2232071190499326e11	1.1026031461472487e8
1.2349991726875851e11	1.156123192672971e8
1.2469049049711742e11	1.2122475493289796e8
1.2589254117941661e11	1.2711031944884406e8
1.2710617996147484e11	1.3328233073978415e8
1.2833151855576538e11	1.3975475713874283e8
1.2956866975170216e11	1.4654224919094175e8
1.3081774742601955e11	1.536601730142971e8
1.3207886655325507e11	1.6112464529289177e8
1.333521432163324e11	1.6895256998339936e8
1.3463769461724666e11	1.7716167681838164e8
1.3593563908785242e11	1.8577056169448486e8
1.3724609610075597e11	1.9479872903788504e8
1.3856918628031244e11	2.0426663624378592e8
1.39905031413729e11	2.141957402849562e8
1.4125375446227554e11	2.2460854660175335e8
1.4261547957260086e11	2.355286604028451e8
1.4399033208816327e11	2.4698084046922043e8
1.4537843856076605e11	2.5899105559144068e8
1.4677992676220737e11	2.7158654377050394e8
1.481949256960388e11	2.8479587431768435e8
1.4962356560944357e11	2.9864901299550074e8
1.510659780052231e11	3.1317739034872097e8
1.5252229565390198e11	3.284139733818285e8
1.539926526059492e11	3.44393340746909e8
1.5547718420411728e11	3.611517616139471e8
1.569760270959001e11	3.7872727839490324e8
1.5848931924611108e11	3.9715979351784617e8
1.6001719994958246e11	4.164911604761959e8
1.6155980984398697e11	4.367652793255081e8
1.6311729092278397e11	4.580281968561664e8
1.646897865482869e11	4.803282116730265e8
1.6627744146486334e11	5.0371598442269236e8
1.678804018122559e11	5.2824465342054415e8
1.6949881513903513e11	5.539699559423645e8
1.7113283041617847e11	5.809503554581175e8
1.7278259805078662e11	6.092471750993416e8
1.744482698999256e11	6.389247376654719e8
1.7612999928460526e11	6.700505124775157e8
1.7782794100389227e11	7.026952694223739e8
1.7954225134915903e11	7.369332405820588e8
1.8127308811846967e11	7.728422897650374e8
1.8302061063110532e11	8.105040903416387e8
1.847849797422287e11	8.500043117936506e8
1.8656635785769073e11	8.914328154053869e8
1.883649089489802e11	9.348838595444235e8
1.9018079856831396e11	9.804563150020885e8
1.920141938638801e11	1.028253890887231e9
1.9386526359522058e11	1.0783853715903704e9
1.9573417814876657e11	1.1309648653614745e9
1.9762110955351904e11	1.1861120650821967e9
1.9952623149688828e11	1.2439525217397053e9
2.0144971934067834e11	1.3046179313890862e9
2.033917501372293e11	1.368246436189567e9
2.053525026457146e11	1.4349829401686242e9
2.073321573485954e11	1.5049794404634898e9
2.0933089646823346e11	1.5783953747990704e9
2.1134890398366434e11	1.6553979859985466e9
2.1338636564753217e11	1.7361627043619099e9
2.1544346900318777e11	1.8208735487887926e9
2.1752040340195245e11	1.909723547564837e9
2.1961736002054367e11	2.0029151797758381e9
2.2173453187867786e11	2.1006608383618295e9
2.2387211385683377e11	2.203183315871786e9
2.2603030271419263e11	2.3107163140328865e9
2.2820929710674554e11	2.4235049783019204e9
2.3040929760558493e11	2.5418064591693454e9
2.3263050671536285e11	2.665890513119774e9
2.3487312889293204e11	2.796040101548216e9
2.3713737056616553e11	2.932552038389268e9
2.3942344015295804e11	3.075737674355815e9
2.4173154808041013e11	3.2259236093758473e9
2.4406190680419763e11	3.3834524399642444e9
2.4641473082812762e11	3.5486835432432384e9
2.4879023672388297e11	3.7219938994095416e9
2.5118864315095822e11	3.9037789545342894e9
2.5361017087678268e11	4.094453525674108e9
2.5605504279704755e11	4.2944527503701563e9
2.5852348395621887e11	4.504233082711487e9
2.610157215682544e11	4.724273338248257e9
2.6353198503751385e11	4.955075790150713e9
2.660725059798814e11	5.197167319129507e9
2.6863751824408105e11	5.451100619753178e9
2.7122725793320297e11	5.717455465859672e9
2.7384196342643613e11	5.996840038018347e9
2.7648187540101056e11	6.289892316299306e9
2.791472368543512e11	6.597281541252815e9
2.8183829312644495e11	6.919709746537658e9
2.845552919224238e11	7.257913366725644e9
2.8729848333536566e11	7.612664923971029e9
2.900681198693156e11	7.9847747974147415e9
2.9286445646252374e11	8.3750930793824215e9
2.956877505109187e11	8.78451152263766e9
2.985382618917957e11	9.213965583155313e9
3.014162529877398e11	9.664436563105055e9
3.043219887107728e11	1.0136953858960417e10
3.072557365267452e11	1.0632597319895397e10
3.1021776647995044e11	1.1152499721876863e10
3.132083512179837e11	1.1697849363133644e10
3.1622776601683795e11	1.2269892786929153e10
3.192762888062425e11	1.28699376377125e10
3.223542001952459e11	1.3499355657732237e10
3.2546178349804535e11	1.415958583065187e10
3.2859932476006476e11	1.4852137679299671e10
3.317671127842848e11	1.5578594725218452e10
3.3496543915782794e11	1.6340618117954098e10
3.3819459827879254e11	1.7139950442411379e10
3.4145488738336005e11	1.797841971302179e10
3.447466065731491e11	1.885794356388546e10
3.4807005884284204e11	1.9780533644510796e10
3.5142555010806915e11	2.0748300231239388e10
3.5481338923357605e11	2.1763457064947502e10
3.582338880616481e11	2.282832642612354e10
3.616873614408161e11	2.394534445897789e10
3.651741272548377e11	2.5117066756806816e10
3.6869450645195734e11	2.6346174221432247e10
3.7224882307444904e11	2.7635479209959175e10
3.7583740428844354e11	2.898793198317809e10
3.794605804140434e11	3.0406627470915028e10
3.831186849557277e11	3.189481236908385e10
3.868120546330525e11	3.345589258500024e10
3.905410294116381e11	3.509344104806562e10
3.94305952534472e11	3.681120590376867e10
3.9810717055349695e11	3.861311910980511e10
4.019450333615136e11	4.050330545406717e10
4.0581989422438074e11	4.248609201520322e10
4.097321098135422e11	4.456601808748513e10
4.1368204023885114e11	4.674784559276087e10
4.1767004908171906e11	4.903657000341543e10
4.216965034285823e11	5.1437431801420746e10
4.257617739046915e11	5.395592849979391e10
4.2986623470822723e11	5.659782725407233e10
4.340102636447431e11	5.93691780926845e10
4.3819424216194275e11	6.227632779614628e10
4.424185553847905e11	6.5325934458449684e10
4.466835921509635e11	6.8524982763030365e10
4.509897450466355e11	7.188080000828201e10
4.553374104426248e11	7.540107291968297e10
4.597269885308718e11	7.909386528711746e10
4.641588833612792e11	8.296763646792542e10
4.6863350287889636e11	8.703126079816873e10
4.7315125896148126e11	9.129404795672743e10
4.7771256745740485e11	9.576576432897556e10
4.823178482239309e11	1.0045665541913635e11
4.869675251658631e11	1.053774693627954e11
4.916620262745641e11	1.1053948159358736e11
4.964017836673511e11	1.1595452072072453e11
5.011872336272715e11	1.2163499567682048e11
5.060188166432613e11	1.27593924198369e11
5.108969774506914e11	1.3384496270396124e11
5.158221650723061e11	1.4040243767255786e11
5.207948328595465e11	1.4728137849435925e11
5.258154385342927e11	1.5449755195047144e11
5.308844442309879e11	1.6206749842572632e11
5.3600231653918066e11	1.700085698775356e11
5.4116952654646484e11	1.7833896966871338e11
5.463865498818551e11	1.870777943558434e11
5.516538667595586e11	1.962450775291463e11
5.569719620231798e11	2.058618358046282e11
5.623413251903491e11	2.159501170741815e11
5.677624504977816e11	2.2653305112450745e11
5.732358369467708e11	2.3763490274118243e11
5.787619883491198e11	2.4928112741989862e11
5.843414133735164e11	2.6149842981290082e11
5.899746255923547e11	2.7431482504493723e11
5.95662143529011e11	2.877597030401667e11
6.014044907055618e11	3.018638960063636e11
6.072021956909884e11	3.1665974922912683e11
6.130557921498202e11	3.321811953485816e11
6.189658188912622e11	3.4846383228026605e11
6.249328199187811e11	3.655450049615499e11
6.309573444801943e11	3.8346389111180334e11
6.37039947118217e11	4.022615912032781e11
6.431811877215092e11	4.219812228495898e11
6.493816315762113e11	4.42668019828692e11
6.556418494179785e11	4.643694359679454e11
6.619624174845145e11	4.8713525413005225e11
6.683439175686135e11	5.110177005503512e11
6.747869370717123e11	5.3607156478827545e11
6.812920690579595e11	5.623543255686859e11
6.878599123088081e11	5.899262828023297e11
6.944910713781215e11	6.188506960888285e11
7.011861566478363e11	6.491939300207129e11
7.079457843841373e11	6.81025606622285e11
7.147705767941875e11	7.144187652738951e11
7.216611620833898e11	7.4945003048908e11
7.286181745132289e11	7.861997879304789e11
7.356422544596421e11	8.247523690688756e11
7.427340484719673e11	8.651962449226954e11
7.498942093324558e11	9.076242292881804e11
7.571233961163601e11	9.521336919407134e11
7.644222742525994e11	9.988267823386348e11
7.717915155850111e11	1.0478106643058668e12
7.792317984341924e11	1.0991977622264385e12
7.867438076599377e11	1.1531060193339856e12
7.943282347242821e11	1.2096591686851985e12
8.019857777551353e11	1.2689870174400583e12
8.097171416105618e11	1.3312257451027456e12
8.175230379436493e11	1.3965182164084373e12
8.254041852680206e11	1.4650143095756865e12
8.333613090239576e11	1.5368712606787705e12
8.413951416451964e11	1.6122540249321685e12
8.49506422626333e11	1.69133565571729e12
8.576958985908945e11	1.774297702223224e12
8.659643233600653e11	1.8613306266156882e12
8.743124580220731e11	1.9526342416908364e12
8.827410710022461e11	2.04841817002649e12
8.91250938133744e11	2.1489023256794226e12
8.998428427289725e11	2.2543174195426055e12
9.085175756516843e11	2.364905489519991e12
9.172759353897804e11	2.480920456738893e12
9.261187281287937e11	2.602628709078754e12
9.350467678261195e11	2.730309713358892e12
9.440608762859226e11	2.864256657592236e12
9.531618832347902e11	3.0047771247832427e12
9.623506263980907e11	3.152193799814272e12
9.716279515771078e11	3.306845211052315e12
9.809947127268784e11	3.4690865083782246e12
9.904517720348015e11	3.639290279428032e12
1.e12	3.8178474059225347e12