1.e7	0.
1.0096402755134482e7	0.
1.0193734859388737e7	0.
1.0292005271944286e7	0.
1.039122303835169e7	0.
1.049139729136309e7	0.
1.0592537251772897e7	0.
1.0694652229266452e7	0.
1.0797751623277094e7	0.
1.0901844923851268e7	0.
1.1006941712522103e7	0.
1.1113051663191281e7	0.
1.122018454301963e7	0.
1.1328350213326072e7	0.
1.1437558630495388e7	0.
1.154781984689458e7	0.
1.1659144011798311e7	0.
1.177154137232304e7	0.
1.188502227437019e7	0.
1.1999597163578587e7	0.
1.2115276586285876e7	0.
1.2232071190499326e7	0.
1.234999172687585e7	0.
1.2469049049711742e7	0.
1.2589254117941663e7	0.
1.2710617996147458e7	0.
1.2833151855576513e7	0.
1.295686697517019e7	0.
1.308177474260193e7	0.
1.3207886655325506e7	0.
1.333521432163324e7	0.
1.3463769461724665e7	0.
1.3593563908785269e7	0.
1.3724609610075625e7	0.
1.3856918628031274e7	0.
1.3990503141372928e7	0.
1.4125375446227554e7	0.
1.4261547957260085e7	0.
1.4399033208816327e7	0.
1.4537843856076606e7	0.
1.4677992676220706e7	0.
1.4819492569603847e7	0.
1.4962356560944328e7	0.
1.510659780052228e7	0.
1.5252229565390198e7	0.
1.539926526059492e7	0.
1.5547718420411726e7	0.
1.5697602709590042e7	0.
1.5848931924611142e7	0.
1.6001719994958278e7	0.
1.6155980984398728e7	0.
1.6311729092278397e7	0.
1.6468978654828688e7	0.
1.6627744146486335e7	0.
1.678804018122559e7	0.
1.6949881513903476e7	0.
1.711328304161781e7	0.
1.7278259805078626e7	0.
1.744482698999252e7	0.
1.7612999928460523e7	0.
1.7782794100389227e7	0.
1.7954225134915903e7	0.
1.8127308811846968e7	0.
1.8302061063110568e7	0.
1.8478497974222906e7	0.
1.865663578576911e7	0.
1.883649089489802e7	0.
1.9018079856831398e7	0.
1.920141938638801e7	0.
1.9386526359522056e7	0.
1.9573417814876616e7	0.
1.9762110955351863e7	0.
1.9952623149688788e7	0.
2.0144971934067793e7	0.
2.033917501372293e7	0.
2.053525026457146e7	0.
2.073321573485954e7	0.
2.0933089646823347e7	0.
2.1134890398366477e7	0.
2.133863656475326e7	0.
2.1544346900318824e7	1.835354293578102e-308
2.1752040340195246e7	1.4786098229786874e-305
2.1961736002054367e7	1.1006252826006758e-302
2.2173453187867787e7	7.693423417875203e-300
2.2387211385683376e7	5.053097083586596e-297
2.2603030271419216e7	3.1204176312456158e-294
2.282092971067451e7	1.812765317250701e-291
2.3040929760558445e7	9.91284803658619e-289
2.3263050671536237e7	5.105462445875483e-286
2.34873128892932e7	2.4779973008917013e-283
2.3713737056616552e7	1.1340771460988628e-280
2.3942344015295804e7	4.896716115918775e-278
2.4173154808041014e7	1.9958595592561432e-275
2.4406190680419814e7	7.683473078623225e-273
2.4641473082812812e7	2.7952793172414388e-270
2.4879023672388345e7	9.615416200198423e-268
2.5118864315095823e7	3.12909768322151e-265
2.536101708767827e7	9.638489395423486e-263
2.5605504279704753e7	2.811681165978205e-260
2.5852348395621885e7	7.771710714611792e-258
2.6101572156825386e7	2.0365011373437859e-255
2.635319850375133e7	5.061648816782328e-253
2.6607250597988084e7	1.1938736902322704e-250
2.686375182440805e7	2.6736301967940588e-248
2.71227257933203e7	5.68769545561836e-246
2.738419634264361e7	1.1499441250816735e-243
2.764818754010106e7	2.2107205572532015e-241
2.791472368543512e7	4.043122658441479e-239
2.818382931264455e7	7.037739087948837e-237
2.845552919224244e7	1.1665082053056925e-234
2.872984833353663e7	1.8419763460212058e-232
2.900681198693156e7	2.7721911293483286e-230
2.928644564625237e7	3.97836353033181e-228
2.9568775051091872e7	5.446597847953057e-226
2.9853826189179573e7	7.11674111656569e-224
3.0141625298773922e7	8.879031757125753e-222
3.043219887107722e7	1.0582062727417647e-219
3.0725573652674455e7	1.2052723043497048e-217
3.102177664799498e7	1.3124964940661083e-215
3.132083512179837e7	1.3670847670856794e-213
3.162277660168379e7	1.3625782168848675e-211
3.192762888062425e7	1.3001059655116003e-209
3.2235420019524593e7	1.1880322073565745e-207
3.2546178349804603e7	1.040133126260224e-205
3.285993247600654e7	8.728472725681169e-204
3.3176711278428547e7	7.023472137383835e-202
3.3496543915782794e7	5.421303287667065e-200
3.381945982787926e7	4.015744417138965e-198
3.4145488738336004e7	2.8556801923069954e-196
3.447466065731491e7	1.9503079888498588e-194
3.480700588428413e7	1.2797180920593261e-192
3.514255501080684e7	8.070652401480428e-191
3.548133892335753e7	4.8938465515754456e-189
3.582338880616481e7	2.85431562534641e-187
3.616873614408161e7	1.6018601319300253e-185
3.651741272548377e7	8.653217135304163e-184
3.686945064519574e7	4.501103010021281e-182
3.72248823074449e7	2.2553038328879866e-180
3.758374042884443e7	1.088907107547235e-178
3.794605804140442e7	5.067919448328826e-177
3.831186849557285e7	2.2744355106699113e-175
3.868120546330525e7	9.846300936538999e-174
3.905410294116381e7	4.1131750809614363e-172
3.94305952534472e7	1.6585689551831648e-170
3.981071705534969e7	6.457855639472114e-169
4.019450333615128e7	2.4287701549087075e-167
4.058198942243799e7	8.826148351208065e-166
4.097321098135413e7	3.1001650266448114e-164
4.1368204023885116e7	1.0528533750086042e-162
4.176700490817191e7	3.4582774160385856e-161
4.2169650342858225e7	1.0990024213778274e-159
4.2576177390469156e7	3.380034008917136e-158
4.298662347082272e7	1.0063811657925588e-156
4.34010263644744e7	2.9017303912133213e-155
4.381942421619436e7	8.104711917481595e-154
4.424185553847914e7	2.1934899303227235e-152
4.466835921509635e7	5.754155105428992e-151
4.509897450466355e7	1.463539393308679e-149
4.553374104426248e7	3.610206540891298e-148
4.597269885308718e7	8.639549351067312e-147
4.641588833612782e7	2.0063512325994312e-145
4.686335028788954e7	4.522763702367798e-144
4.7315125896148026e7	9.899310389520321e-143
4.777125674574048e7	2.1044178156906936e-141
4.823178482239309e7	4.346159886668e-140
4.869675251658631e7	8.722594789699727e-139
4.9166202627456404e7	1.701650620596365e-137
4.964017836673511e7	3.2277292666159847e-136
5.011872336272725e7	5.954454732435125e-135
5.0601881664326236e7	1.0686123148107628e-133
5.108969774506924e7	1.86614601221745e-132
5.158221650723061e7	3.171985871597456e-131
5.207948328595465e7	5.249148730413096e-130
5.258154385342927e7	8.459200030902087e-129
5.3088444423098795e7	1.327890341098883e-127
5.360023165391796e7	2.0309363198182895e-126
5.4116952654646374e7	3.027186802203279e-125
5.46386549881854e7	4.398428918105386e-124
5.516538667595586e7	6.231275942390309e-123
5.569719620231798e7	8.609581540311277e-122
5.623413251903491e7	1.1604231066627453e-120
5.677624504977816e7	1.5260985636257453e-119
5.732358369467708e7	1.9587650293109537e-118
5.787619883491209e7	2.454236034079916e-117
5.8434141337351754e7	3.0025086858501065e-116
5.8997462559235595e7	3.5874425580415687e-115
5.956621435290109e7	4.187127850768458e-114
6.014044907055618e7	4.7750176830487914e-113
6.072021956909884e7	5.321783902784592e-112
6.130557921498202e7	5.797730937240493e-111
6.18965818891261e7	6.175492870900914e-110
6.249328199187798e7	6.432669254134307e-109
6.3095734448019296e7	6.554042366671596e-108
6.37039947118217e7	6.533068464814221e-107
6.431811877215091e7	6.372440147216022e-106
6.493816315762113e7	6.0836566775739625e-105
6.556418494179785e7	5.685686880822861e-104
6.619624174845146e7	5.202937113023594e-103
6.6834391756861486e7	4.66282225539293e-102
6.747869370717137e7	4.0932682868415013e-101
6.812920690579608e7	3.520450361061466e-100
6.878599123088081e7	2.9670009667739418e-99
6.944910713781214e7	2.4508265515542195e-98
7.011861566478363e7	1.9845683942155824e-97
7.079457843841374e7	1.5756529143911274e-96
7.147705767941861e7	1.2268109393206199e-95
7.216611620833883e7	9.369105864455701e-95
7.286181745132273e7	7.019434632928535e-94
7.356422544596422e7	5.160228103636225e-93
7.427340484719673e7	3.7228623963941085e-92
7.498942093324558e7	2.636356768276235e-91
7.571233961163601e7	1.8328526172230807e-90
7.644222742525995e7	1.251190365377227e-89
7.717915155850127e7	8.388171790921336e-89
7.79231798434194e7	5.523752243003141e-88
7.867438076599394e7	3.5735361083316843e-87
7.943282347242822e7	2.271604501356922e-86
8.019857777551351e7	1.4190920974155603e-85
8.097171416105618e7	8.713724352439753e-85
8.175230379436493e7	5.259976469638108e-84
8.25404185268019e7	3.121916090241731e-83
8.333613090239559e7	1.8221583292689317e-82
8.413951416451947e7	1.0460388302038867e-81
8.49506422626333e7	5.907109257567287e-81
8.576958985908946e7	3.281978544588248e-80
8.659643233600654e7	1.794309657671632e-79
8.743124580220732e7	9.654431790088346e-79
8.82741071002246e7	5.113165102433525e-78
8.91250938133746e7	2.665951006634622e-77
8.998428427289744e7	1.3686065476086027e-76
9.085175756516862e7	6.918841749148694e-76
9.172759353897804e7	3.4449278895776343e-75
9.261187281287937e7	1.689591984434224e-74
9.350467678261195e7	8.163961037312324e-74
9.440608762859227e7	3.886862695122989e-73
9.531618832347882e7	1.8236348930983302e-72
9.623506263980888e7	8.43291350532278e-72
9.716279515771058e7	3.8439569772687825e-71
9.809947127268784e7	1.7274281723292156e-70
9.904517720348015e7	7.654221133028219e-70
1.e8	3.344566961353444e-69
1.0096402755134483e8	1.4413666470215385e-68
1.0193734859388717e8	6.127198789803219e-68
1.0292005271944265e8	2.569562007336534e-67
1.0391223038351668e8	1.0632172667531045e-66
1.0491397291363113e8	4.3411655493881527e-66
1.0592537251772897e8	1.749311585833309e-65
1.0694652229266451e8	6.957593602975488e-65
1.0797751623277093e8	2.7317191352679895e-64
1.0901844923851268e8	1.05889197820159e-63
1.100694171252208e8	4.052834885387375e-63
1.1113051663191305e8	1.5318290733909432e-62
1.1220184543019652e8	5.7181804133095395e-62
1.1328350213326095e8	2.1084002243098107e-61
1.1437558630495389e8	7.679747158769498e-61
1.1547819846894582e8	2.763694177874406e-60
1.165914401179831e8	9.82725625679425e-60
1.1771541372323017e8	3.4532130785736086e-59
1.1885022274370165e8	1.1992572734296535e-58
1.1999597163578562e8	4.11668704115204e-58
1.2115276586285901e8	1.3969408089072013e-57
1.2232071190499325e8	4.686520391953538e-57
1.2349991726875852e8	1.5545783252482848e-56
1.2469049049711742e8	5.099306077091569e-56
1.2589254117941661e8	1.6542161801097e-55
1.2710617996147431e8	5.30764726337834e-55
1.2833151855576539e8	1.6845577301984728e-54
1.2956866975170216e8	5.289185775204905e-54
1.3081774742601955e8	1.6430675054050563e-53
1.3207886655325507e8	5.050446972650905e-53
1.333521432163324e8	1.536228383017775e-52
1.3463769461724666e8	4.624626171372557e-52
1.3593563908785242e8	1.3779557209627636e-51
1.3724609610075596e8	4.064191525856658e-51
1.3856918628031245e8	1.186684934753033e-50
1.3990503141372958e8	3.4305261406340884e-50
1.4125375446227553e8	9.819544909186149e-50
1.4261547957260084e8	2.7833524199879843e-49
1.4399033208816326e8	7.813250397706748e-49
1.4537843856076607e8	2.1723114887463292e-48
1.4677992676220676e8	5.982448800173047e-48
1.4819492569603878e8	1.6320811868446058e-47
1.4962356560944358e8	4.411125035659758e-47
1.5106597800522313e8	1.181246161579751e-46
1.5252229565390196e8	3.1343905247760506e-46
1.539926526059492e8	8.241861444763712e-46
1.5547718420411727e8	2.1478033341298312e-45
1.569760270959001e8	5.5475068429612565e-45
1.584893192461111e8	1.4202738412934838e-44
1.6001719994958246e8	3.604571629472623e-44
1.615598098439876e8	9.069401658536441e-44
1.6311729092278397e8	2.262469552412987e-43
1.6468978654828689e8	5.5963048868243565e-43
1.6627744146486336e8	1.3726807766817773e-42
1.678804018122559e8	3.339042962297144e-42
1.6949881513903442e8	8.055511246264449e-42
1.7113283041617846e8	1.9275999282732024e-41
1.727825980507866e8	4.5753793259850854e-41
1.744482698999256e8	1.0773507431513927e-40
1.7612999928460523e8	2.5167495889615975e-40
1.7782794100389227e8	5.8332223995610455e-40
1.7954225134915903e8	1.3415137962259721e-39
1.812730881184697e8	3.061483779177111e-39
1.830206106311053e8	6.933472783104206e-39
1.847849797422287e8	1.558415348543466e-38
1.865663578576915e8	3.476645275117314e-38
1.883649089489802e8	7.698626012501423e-38
1.9018079856831396e8	1.6922805270220612e-37
1.920141938638801e8	3.6929047536864816e-37
1.9386526359522057e8	8.000746349540776e-37
1.9573417814876577e8	1.7210333467671033e-36
1.9762110955351904e8	3.675986538283646e-36
1.9952623149688828e8	7.796749042437792e-36
2.0144971934067833e8	1.6422418194508878e-35
2.033917501372293e8	3.4353673280322325e-35
2.053525026457146e8	7.137565647174838e-35
2.073321573485954e8	1.4729770390752704e-34
2.0933089646823347e8	3.0195245219177587e-34
2.1134890398366433e8	6.149012774678277e-34
2.1338636564753217e8	1.2440096326837834e-33
2.1544346900318867e8	2.5004639933675238e-33
2.1752040340195245e8	4.993703138878952e-33
2.1961736002054366e8	9.909610261678275e-33
2.2173453187867785e8	1.9541072307621785e-32
2.238721138568338e8	3.829341939248228e-32
2.260303027141917e8	7.457780000975056e-32
2.2820929710674554e8	1.443544335361846e-31
2.3040929760558495e8	2.7772249333065395e-31
2.3263050671536288e8	5.3110127146295015e-31
2.3487312889293203e8	1.0096101994269264e-30
2.3713737056616554e8	1.9079400620338956e-30
2.3942344015295804e8	3.584549691854873e-30
2.4173154808041012e8	6.695567608185295e-30
2.4406190680419764e8	1.243503220282618e-29
2.4641473082812762e8	2.2963428146300656e-29
2.48790236723884e8	4.2167725157412886e-29
2.511886431509582e8	7.70017123426723e-29
2.536101708767827e8	1.3983640541338838e-28
2.5605504279704756e8	2.52558770158444e-28
2.5852348395621887e8	4.536798041784101e-28
2.610157215682533e8	8.105941572540408e-28
2.6353198503751385e8	1.4406103968517228e-27
2.660725059798814e8	2.5468330961713036e-27
2.686375182440811e8	4.4790600948380944e-27
2.71227257933203e8	7.836590418984463e-27
2.738419634264361e8	1.3640881846327732e-26
2.764818754010106e8	2.3624017896911294e-26
2.7914723685435116e8	4.070819739028753e-26
2.8183829312644494e8	6.979870222106791e-26
2.8455529192242384e8	1.1908870328149407e-25
2.8729848333536685e8	2.0219560223272217e-25
2.900681198693156e8	3.4164160026161484e-25
2.9286445646252376e8	5.7449662491236825e-25
2.9568775051091874e8	9.614827690148276e-25
2.985382618917957e8	1.6015932406468566e-24
3.014162529877386e8	2.655454516199794e-24
3.043219887107729e8	4.382485212543332e-24
3.072557365267452e8	7.199724109703487e-24
3.102177664799504e8	1.1774533827397203e-23
3.132083512179837e8	1.917001922932811e-23
3.1622776601683795e8	3.107210280422875e-23
3.1927628880624247e8	5.0142518697459045e-23
3.223542001952459e8	8.056511057938089e-23
3.254617834980453e8	1.288875649446029e-22
3.285993247600647e8	2.053126905208804e-22
3.3176711278428614e8	3.25670769911545e-22
3.349654391578279e8	5.144193049676722e-22
3.3819459827879256e8	8.091859643426464e-22
3.414548873833601e8	1.2676197029240493e-21
3.447466065731491e8	1.977679755000545e-21
3.480700588428406e8	3.073023862879513e-21
3.514255501080691e8	4.7559288527308236e-21
3.5481338923357606e8	7.331292296532032e-21
3.582338880616481e8	1.1256870117173698e-20
3.616873614408161e8	1.721720785787706e-20
3.651741272548377e8	2.623201191180832e-20
3.6869450645195735e8	3.98143844859278e-20
3.72248823074449e8	6.020097275983297e-20
3.7583740428844357e8	9.068543412030851e-20
3.7946058041404337e8	1.3609976466332315e-19
3.831186849557293e8	2.0350644553510253e-19
3.8681205463305247e8	3.0319003940083347e-19
3.905410294116381e8	4.500725538288553e-19
3.94305952534472e8	6.657262940564705e-19
3.981071705534969e8	9.812260772322587e-19
4.0194503336151195e8	1.4411763403266996e-18
4.0581989422438073e8	2.1093769262498833e-18
4.097321098135422e8	3.0767663216750336e-18
4.1368204023885113e8	4.472519026166303e-18
4.1767004908171904e8	6.479496035646777e-18
4.2169650342858225e8	9.355682537845273e-18
4.257617739046915e8	1.3463832295429266e-17
4.298662347082272e8	1.9312323027074207e-17
4.3401026364474314e8	2.7611275777473706e-17
4.381942421619427e8	3.934938778592463e-17
4.424185553847923e8	5.589878190747466e-17
4.466835921509635e8	7.915762767574111e-17
4.509897450466355e8	1.117435222955498e-16
4.5533741044262487e8	1.5725486932270508e-16
4.597269885308718e8	2.2062306013281182e-16
4.641588833612773e8	3.085855341621704e-16
4.6863350287889636e8	4.303192598948911e-16
4.731512589614813e8	5.9828646426302e-16
4.777125674574048e8	8.293603346526702e-16
4.823178482239309e8	1.1463189240464433e-15
4.869675251658631e8	1.5798218635817631e-15
4.916620262745641e8	2.1710183063450767e-15
4.9640178366735107e8	2.9749777666573972e-15
5.011872336272715e8	4.065190644688993e-15
5.060188166432613e8	5.5394553025718005e-15
5.108969774506935e8	7.527557387997466e-15
5.158221650723061e8	1.0201259388310488e-14
5.207948328595465e8	1.3787259944217807e-14
5.2581543853429276e8	1.8583960393886484e-14
5.308844442309879e8	2.4983099109667202e-14
5.360023165391785e8	3.3497593140306107e-14
5.411695265464648e8	4.479727454777731e-14
5.463865498818551e8	5.975464152968528e-14
5.516538667595586e8	7.950328124326004e-14
5.569719620231798e8	1.0551228555553673e-13
5.623413251903491e8	1.3968080094391489e-13
5.677624504977816e8	1.8445786343434746e-13
5.732358369467708e8	2.429939096064811e-13
5.787619883491197e8	3.193318742305851e-13
5.843414133735163e8	4.1864764250735196e-13
5.899746255923572e8	5.47551889900298e-13
5.956621435290109e8	7.144680981531403e-13
6.014044907055618e8	9.30104880756888e-13
6.072021956909884e8	1.2080448014800262e-12
6.130557921498202e8	1.5654767633651054e-12
6.189658188912597e8	2.0241049451743764e-12
6.249328199187812e8	2.6112743585434232e-12
6.309573444801943e8	3.3613616160191032e-12
6.37039947118217e8	4.317489699840266e-12
6.431811877215091e8	5.53363770981515e-12
6.493816315762113e8	7.077231102579556e-12
6.556418494179785e8	9.032315228334193e-12
6.619624174845146e8	1.1503435505557385e-11
6.683439175686135e8	1.4620371905312262e-11
6.747869370717123e8	1.854390418662269e-11
6.812920690579622e8	2.3472818272367126e-11
6.878599123088082e8	2.9652404130751555e-11
6.944910713781214e8	3.738474250461258e-11
7.011861566478363e8	4.7041132923052875e-11
7.079457843841373e8	5.9077079908053e-11
7.147705767941846e8	7.405032959853677e-11
7.216611620833898e8	9.26425367977997e-11
7.286181745132289e8	1.1568524456650502e-10
7.356422544596422e8	1.4419097703339993e-10
7.427340484719672e8	1.793903834458971e-10
7.498942093324559e8	2.2277653029396115e-10
7.571233961163601e8	2.761576215946355e-10
7.644222742525994e8	3.41719638455965e-10
7.717915155850111e8	4.2210063156498765e-10
7.792317984341924e8	5.204786783988217e-10
7.86743807659941e8	6.406758353231995e-10
7.943282347242821e8	7.872807783858168e-10
8.019857777551352e8	9.657932411191412e-10
8.097171416105617e8	1.1827938291725759e-9
8.175230379436493e8	1.4461433268278495e-9
8.254041852680173e8	1.7652162167523654e-9
8.333613090239576e8	2.1511738197120628e-9
8.413951416451964e8	2.6172832340691707e-9
8.49506422626333e8	3.1792891251185745e-9
8.576958985908946e8	3.855866599612664e-9
8.659643233600653e8	4.669022833555452e-9
8.743124580220731e8	5.644882166387232e-9
8.82741071002246e8	6.814159102325396e-9
8.912509381337441e8	8.213039731672621e-9
8.998428427289726e8	9.884062136846708e-9
9.08517575651688e8	1.1877154043030796e-8
9.172759353897803e8	1.4250826384929418e-8
9.261187281287937e8	1.707354395850618e-8
9.350467678261195e8	2.0425296847860645e-8
9.440608762859226e8	2.4399399087810774e-8
9.531618832347863e8	2.9104544059985605e-8
9.623506263980907e8	3.466714944265546e-8
9.716279515771078e8	4.123402816077448e-8
9.809947127268784e8	4.897542573190775e-8
9.904517720348015e8	5.8088468694948076e-8
1.e9	6.880107346158431e-8
1.0096402755134482e9	8.137636996470251e-8
1.0193734859388716e9	9.611769991316598e-8
1.0292005271944265e9	1.1337425531842218e-7
1.0391223038351669e9	1.335474292579783e-7
1.0491397291363113e9	1.5709795757690297e-7
1.0592537251772897e9	1.845539375266876e-7
1.0694652229266452e9	2.1651981697938116e-7
1.0797751623277094e9	2.5368645621037826e-7
1.0901844923851268e9	2.96842372987278e-7
1.100694171252208e9	3.468862910850272e-7
1.1113051663191304e9	4.0484112229660776e-7
1.1220184543019652e9	4.7186952257128446e-7
1.1328350213326094e9	5.492911741145184e-7
1.1437558630495389e9	6.386019571525361e-7
1.1547819846894581e9	7.414951876366909e-7
1.165914401179831e9	8.598851104732334e-7
1.1771541372323017e9	9.9593285195805e-7
1.1885022274370165e9	1.1520750500233373e-6
1.1999597163578563e9	1.3310553967223317e-6
1.21152765862859e9	1.5359593441570523e-6
1.2232071190499325e9	1.770252242872742e-6
1.234999172687585e9	2.037821200707426e-6
1.246904904971174e9	2.3430209701839517e-6
1.258925411794166e9	2.6907241943530037e-6
1.2710617996147432e9	3.0863763636295794e-6
1.283315185557654e9	3.536055642989182e-6
1.2956866975170217e9	4.046539501991101e-6
1.3081774742601955e9	4.625373995283733e-6
1.3207886655325506e9	5.280953799461454e-6
1.333521432163324e9	6.022605861806817e-6
1.3463769461724665e9	6.8606817802404114e-6
1.359356390878524e9	7.806657960092706e-6
1.3724609610075598e9	8.873244383640872e-6
1.3856918628031244e9	0.000010074503111328174
1.3990503141372957e9	0.000011425978118172137
1.4125375446227555e9	0.000012944827435945854
1.4261547957260084e9	0.000014649980200301112
1.4399033208816326e9	0.000016562297540790988
1.4537843856076605e9	0.000018704749068425925
1.4677992676220675e9	0.00002110260394814661
1.481949256960388e9	0.000023783637295597966
1.496235656094436e9	0.00002677835616002183
1.510659780052231e9	0.00003012023750531161
1.5252229565390198e9	0.00003384599465705457
1.5399265260594919e9	0.000037995858911620726
1.5547718420411727e9	0.000042613887086392515
1.569760270959001e9	0.000047748293995047515
1.5848931924611108e9	0.0000534518124365565
1.6001719994958246e9	0.00005978208306386798
1.615598098439876e9	0.00006680207672274094
1.6311729092278397e9	0.00007458055209710888
1.646897865482869e9	0.00008319255176649745
1.6627744146486335e9	0.00009271994007489364
1.6788040181225588e9	0.00010325198653126543
1.6949881513903444e9	0.00011488599881121529
1.7113283041617844e9	0.00012772800980923315
1.7278259805078661e9	0.00014189352360363647
1.744482698999256e9	0.00015750832564387295
1.7612999928460524e9	0.00017470936295421068
1.7782794100389228e9	0.00019364570067190642
1.7954225134915903e9	0.00021447956180343044
1.812730881184697e9	0.00023738745769216177
1.830206106311053e9	0.0002625614173474789
1.847849797422287e9	0.00029021032449105734
1.8656635785769148e9	0.0003205613719341599
1.8836490894898021e9	0.00035386164371253306
1.9018079856831396e9	0.0003903798362764495
1.920141938638801e9	0.0004304081309646263
1.9386526359522057e9	0.000474264230986727
1.9573417814876575e9	0.000522293577201785
1.9762110955351903e9	0.00057487175811353
1.9952623149688828e9	0.0006324071307111806
2.0144971934067833e9	0.0006953436700704664
2.033917501372293e9	0.000764164066996316
2.0535250264571462e9	0.0008393930944427808
2.073321573485954e9	0.0009216012649886783
2.0933089646823347e9	0.0010114088032855792
2.1134890398366432e9	0.0011094899591318425
2.1338636564753218e9	0.0012165776886677187
2.1544346900318866e9	0.0013334687331372044
2.1752040340195246e9	0.00146102912672733
2.1961736002054367e9	0.0016002001671825395
2.2173453187867785e9	0.0017520048852027608
2.238721138568338e9	0.001917555051081002
2.260303027141917e9	0.0020980587596209485
2.2820929710674553e9	0.0022948286371080873
2.3040929760558496e9	0.0025092907169946095
2.326305067153629e9	0.0027429940340102116
2.3487312889293203e9	0.0029976209896296125
2.3713737056616554e9	0.003274998545232217
2.39423440152958e9	0.003577110302879484
2.4173154808041015e9	0.003906109537428172
2.4406190680419765e9	0.004264333247699787
2.464147308281276e9	0.004654317298652148
2.4879023672388396e9	0.005078812730957426
2.511886431509582e9	0.005540803319096166
2.536101708767827e9	0.0060435244640466195
2.5605504279704757e9	0.006590483511883422
2.5852348395621886e9	0.007185481595135411
2.6101572156825333e9	0.007832637099586088
2.6353198503751383e9	0.00853641086535729
2.660725059798814e9	0.009301633237614166
2.6863751824408107e9	0.010133533089091148
2.71227257933203e9	0.011037768943862932
2.7384196342643614e9	0.012020462339428804
2.7648187540101056e9	0.013088233572226715
2.791472368543512e9	0.014248239980194937
2.818382931264449e9	0.015508216924966055
2.8455529192242384e9	0.01687652164573995
2.8729848333536687e9	0.018362180166867
2.9006811986931562e9	0.019974937451698656
2.9286445646252375e9	0.02172531100639448
2.956877505109187e9	0.0236246481490719
2.9853826189179573e9	0.025685187172081535
3.014162529877386e9	0.02792012263822563
3.0432198871077285e9	0.03034367506551237
3.072557365267452e9	0.03297116526955374
3.1021776647995043e9	0.035819093648058874
3.132083512179837e9	0.038905224708000424
3.1622776601683793e9	0.04224867715311445
3.1927628880624247e9	0.04587001986735598
3.2235420019524593e9	0.04979137414890493
3.2546178349804535e9	0.05403652256931632
3.2859932476006474e9	0.05863102485350931
3.3176711278428617e9	0.06360234119853166
3.3496543915782795e9	0.06897996347248717
3.3819459827879257e9	0.07479555475979202
3.4145488738336005e9	0.08108309774493708
3.447466065731491e9	0.08787905245450735
3.480700588428406e9	0.0952225239061614
3.5142555010806913e9	0.10315544024386199
3.5481338923357606e9	0.1117227419708403
3.5823388806164804e9	0.12097258292582504
3.616873614408161e9	0.13095654368374862
3.651741272548377e9	0.14172985810000124
3.686945064519573e9	0.1533516537570122
3.72248823074449e9	0.16588520711387575
3.7583740428844357e9	0.17939821420391588
3.794605804140434e9	0.193963077771638
3.831186849557293e9	0.2096572117895729
3.868120546330525e9	0.22656336434716104
3.905410294116381e9	0.24476995995842207
3.94305952534472e9	0.2643714623923009
3.9810717055349693e9	0.2854687591902487
4.0194503336151195e9	0.3081695690991464
4.0581989422438073e9	0.3325888737148055
4.0973210981354218e9	0.35884937470184586
4.136820402388511e9	0.3870819780304053
4.17670049081719e9	0.4174263067481483
4.2169650342858224e9	0.4500312438889359
4.2576177390469155e9	0.48505550720626944
4.298662347082273e9	0.5226682575112198
4.340102636447432e9	0.5630497424909641
4.381942421619428e9	0.6063919779855687
4.424185553847923e9	0.652899468807556
4.466835921509635e9	0.7027899713012217
4.509897450466355e9	0.7562952999575501
4.553374104426249e9	0.8136621805246628
4.597269885308718e9	0.8751531521857384
4.641588833612773e9	0.9410475215141941
4.686335028788963e9	1.0116423710615952
4.731512589614813e9	1.0872536255867953
4.777125674574048e9	1.168217179096594
4.823178482239309e9	1.2548900860369718
4.869675251658631e9	1.347651820153568
4.916620262745641e9	1.4469056047274913
4.964017836673511e9	1.5530798180906062
5.011872336272715e9	1.6666294785326567
5.060188166432613e9	1.7880378129316685
5.108969774506935e9	1.9178179136697728
5.158221650723061e9	2.0565144886387885
5.207948328595465e9	2.204705709396434
5.258154385342927e9	2.363005162800663
5.308844442309879e9	2.5320639117342996
5.360023165391785e9	2.712572670828261
5.411695265464648e9	2.9052641034051057
5.463865498818551e9	3.110915246193043
5.516538667595586e9	3.3303500687086403
5.569719620231798e9	3.564442174567912
5.623413251903491e9	3.8141176523712543
5.677624504977817e9	4.080358084209559
5.732358369467708e9	4.364203720262904
5.787619883491197e9	4.666756828409467
5.843414133735163e9	4.989185228231379
5.899746255923572e9	5.332726019297542
5.95662143529011e9	5.69868951412174
6.014044907055617e9	6.088463386742868
6.0720219569098835e9	6.503517048443261
6.130557921498202e9	6.945406262729691
6.189658188912597e9	7.415778012333437
6.249328199187811e9	7.916375631654913
6.309573444801943e9	8.449044218778093
6.37039947118217e9	9.01573634192361
6.431811877215091e9	9.618518055977432
6.493816315762114e9	10.25957524555619
6.556418494179785e9	10.941220311923805
6.619624174845145e9	11.665899221978368
6.683439175686135e9	12.436198938476293
6.747869370717123e9	13.254855251659013
6.812920690579622e9	14.124761033496307
6.878599123088081e9	15.048974936860724
6.944910713781214e9	16.03073056311456
7.011861566478363e9	17.073446122797012
7.079457843841373e9	18.180734615392716
7.147705767941846e9	19.356414555503346
7.216611620833899e9	20.6045212741614
7.286181745132289e9	21.929318825511448
7.356422544596421e9	23.335312530658953
7.427340484719672e9	24.827262192112823
7.498942093324558e9	26.41019601399658
7.571233961163601e9	28.089425265007357
7.644222742525994e9	29.87055972301774
7.717915155850112e9	31.759523942220454
7.792317984341925e9	33.76257438582895
7.86743807659941e9	35.886317469562194
7.943282347242822e9	38.13772856347063
8.019857777551352e9	40.5241720021252
8.097171416105618e9	43.05342215573861
8.175230379436493e9	45.73368561752189
8.254041852680173e9	48.5736245654066
8.333613090239576e9	51.58238135925874
8.413951416451964e9	54.76960443784107
8.4950642262633295e9	58.1454755831076
8.576958985908946e9	61.7207386228397
8.659643233600653e9	65.50672964631941
8.743124580220732e9	69.51540881154294
8.82741071002246e9	73.7593938265062
8.91250938133744e9	78.25199519132741
8.998428427289726e9	83.00725329241048
9.08517575651688e9	88.03997744452705
9.172759353897804e9	93.36578698158772
9.261187281287937e9	99.0011545020673
9.350467678261196e9	104.963451380399
9.440608762859226e9	111.27099566140987
9.531618832347862e9	117.94310246081045
9.623506263980907e9	125.00013700104857
9.716279515771078e9	132.46357041841458
9.809947127268784e9	140.3560384842858
9.904517720348015e9	148.70140339057494
1.e10	157.52481875720693
1.0096402755134481e10	166.85279802742994
1.0193734859388716e10	176.71328642522877
1.0292005271944265e10	187.13573665799055
1.039122303835167e10	198.15118855688164
1.0491397291363113e10	209.79235285721225
1.0592537251772898e10	222.0936993312974
1.069465222926645e10	235.0915494972605
1.0797751623277094e10	248.82417413838002
1.0901844923851267e10	263.3318958797019
1.1006941712522081e10	278.65719708105485
1.1113051663191305e10	294.84483331880205
1.1220184543019653e10	311.94195274244896
1.1328350213326096e10	329.9982216068795
1.1437558630495388e10	349.0659562960073
1.1547819846894583e10	369.20026216989476
1.1659144011798311e10	390.45917958407455
1.1771541372323017e10	412.9038374475208
1.1885022274370165e10	436.59861470430235
1.1999597163578562e10	461.6113101434145
1.21152765862859e10	488.01332096181363
1.2232071190499325e10	515.8798305270748
1.234999172687585e10	545.2900058089591
1.246904904971174e10	576.3272049724857
1.2589254117941662e10	609.0791956504264
1.2710617996147432e10	643.6383844390832
1.2833151855576538e10	680.1020581887934
1.2956866975170216e10	718.5726376893508
1.3081774742601955e10	759.157944381178
1.3207886655325506e10	801.9714807544033
1.333521432163324e10	847.1327251319474
1.3463769461724665e10	894.7674415675547
1.3593563908785242e10	945.0080056266708
1.3724609610075598e10	997.9937468567891
1.3856918628031244e10	1053.871308794592
1.3990503141372957e10	1112.795027399899
1.4125375446227554e10	1174.927328851172
1.4261547957260084e10	1240.4391476849407
1.4399033208816326e10	1309.5103663100729
1.4537843856076607e10	1382.3302769806896
1.4677992676220675e10	1459.0980673655035
1.4819492569603878e10	1540.0233309088762
1.4962356560944359e10	1625.3266032387603
1.5106597800522312e10	1715.239925940576
1.5252229565390198e10	1810.0074390811983
1.539926526059492e10	1909.8860039380907
1.5547718420411726e10	2015.1458574609546
1.569760270959001e10	2126.0713000704486
1.5848931924611109e10	2242.9614184788866
1.6001719994958244e10	2366.130845302758
1.6155980984398762e10	2495.910557325618
1.6311729092278397e10	2632.648714363032
1.646897865482869e10	2776.7115407802844
1.6627744146486336e10	2928.4842518146356
1.678804018122559e10	3088.372026963833
1.6949881513903442e10	3256.8010328148835
1.7113283041617846e10	3434.21949780664
1.7278259805078663e10	3621.0988415442685
1.7444826989992558e10	3817.934861416546
1.7612999928460526e10	4025.2489794022085
1.778279410038923e10	4243.589552098646
1.79542251349159e10	4473.53324715727
1.812730881184697e10	4715.686489469209
1.830206106311053e10	4970.686980612979
1.847849797422287e10	5239.205295251382
1.865663578576915e10	5521.946558349723
1.883649089489802e10	5819.652207280442
1.9018079856831398e10	6133.101843085364
1.9201419386388012e10	6463.115175376057
1.9386526359522057e10	6810.554065581604
1.9573417814876575e10	7176.324673485734
1.9762110955351902e10	7561.379712243796
1.9952623149688828e10	7966.720817328215
2.0144971934067833e10	8393.401035127
2.033917501372293e10	8842.527437200311
2.053525026457146e10	9315.263866505962
2.073321573485954e10	9812.833822216886
2.0933089646823345e10	10336.52349008533
2.1134890398366432e10	10887.684925656155
2.1338636564753216e10	11467.739397996262
2.1544346900318867e10	12078.180901990314
2.1752040340195244e10	12720.579847653184
2.1961736002054367e10	13396.586935336774
2.2173453187867786e10	14107.937226143207
2.2387211385683376e10	14856.45441732975
2.260303027141917e10	15644.055332974629
2.2820929710674557e10	16472.75464068595
2.3040929760558495e10	17344.66980567308
2.3263050671536285e10	18262.026294070103
2.34873128892932e10	19227.163037982522
2.3713737056616554e10	20242.538175362668
2.3942344015295803e10	21310.73507846455
2.417315480804101e10	22434.468685318112
2.440619068041976e10	23616.59214938073
2.4641473082812763e10	24860.10382328056
2.4879023672388397e10	26168.15459335913
2.511886431509582e10	27544.05558254961
2.536101708767827e10	28991.286240011992
2.5605504279704754e10	30513.50283684478
2.5852348395621887e10	32114.547388174968
2.6101572156825333e10	33798.457022925926
2.6353198503751385e10	35569.47382362996
2.660725059798814e10	37432.055159758005
2.6863751824408104e10	39390.88453922488
2.7122725793320297e10	41450.883003928146
2.7384196342643612e10	43617.22109649219
2.764818754010106e10	45895.33142672644
2.791472368543512e10	48290.92186772793
2.8183829312644493e10	50809.989413049225
2.8455529192242382e10	53458.83472791405
2.8729848333536686e10	56244.077429104385
2.900681198693156e10	59172.67212985734
2.9286445646252373e10	62251.92528794176
2.9568775051091873e10	65489.51289693904
2.9853826189179573e10	68893.49906278601
3.0141625298773857e10	72472.35550970212
3.0432198871077286e10	76234.98206182678
3.072557365267452e10	80190.72814918023
3.1021776647995045e10	84349.41538901442
3.132083512179837e10	88721.36129609843
3.1622776601683792e10	93317.40417819828
3.192762888062425e10	98148.92927577687
3.2235420019524593e10	103227.8962078753
3.2546178349804535e10	108566.86778922076
3.2859932476006474e10	114179.04028682789
3.3176711278428616e10	120078.27518775893
3.3496543915782795e10	126279.13255324577
3.3819459827879257e10	132796.9060381619
3.4145488738336006e10	139647.65965866923
3.447466065731491e10	146848.26639505592
3.480700588428406e10	154416.44872105826
3.5142555010806915e10	162370.82115549868
3.5481338923357605e10	170730.93493680833
3.58233888061648e10	179517.32492606324
3.616873614408161e10	188751.5588492811
3.651741272548377e10	198456.28899533706
3.686945064519573e10	208655.30649156636
3.72248823074449e10	219373.59828518424
3.758374042884435e10	230637.40696501857
3.7946058041404335e10	242474.29356470954
3.831186849557293e10	254913.2034955439
3.868120546330525e10	267984.5357643871
3.905410294116381e10	281720.21564000915
3.94305952534472e10	296153.7709390008
3.981071705534969e10	311320.41211114504
4.01945033361512e10	327257.1163129187
4.058198942243807e10	344002.7156671924
4.097321098135422e10	361597.98991694645
4.136820402388512e10	380085.7636912841
4.1767004908171906e10	399511.0086125727
4.216965034285822e10	419920.9504851363
4.2576177390469154e10	441365.1818176886
4.298662347082272e10	463895.7799442175
4.340102636447431e10	487567.4310211675
4.3819424216194275e10	512437.5601924935
4.424185553847923e10	538566.4682286244
4.466835921509635e10	566017.4749604648
4.509897450466355e10	594857.0698456656
4.553374104426248e10	625155.0700207343
4.597269885308718e10	656984.7862104218
4.641588833612772e10	690423.196883992
4.686335028788963e10	725551.1310673581
4.7315125896148125e10	762453.460240187
4.777125674574048e10	801219.2997686345
4.823178482239309e10	841942.2203461454
4.869675251658631e10	884720.4699386584
4.9166202627456406e10	929657.2067548081
4.964017836673511e10	976860.7437875576
5.011872336272715e10	1.026444805500753e6
5.060188166432613e10	1.0785287972624057e6
5.108969774506934e10	1.1332380881563795e6
5.1582216507230606e10	1.1907043078351584e6
5.207948328595465e10	1.2510656581097073e6
5.2581543853429276e10	1.3144672400060026e6
5.308844442309879e10	1.3810613970547302e6
5.360023165391785e10	1.4510080756180526e6
5.4116952654646484e10	1.524475203097314e6
5.463865498818551e10	1.6016390849069834e6
5.5165386675955864e10	1.682684821144652e6
5.569719620231798e10	1.7678067439316972e6
5.6234132519034904e10	1.8572088764485437e6
5.677624504977816e10	1.951105414738409e6
5.732358369467708e10	2.049721233406701e6
5.787619883491197e10	2.1532924163989667e6
5.843414133735163e10	2.262066814098727e6
5.899746255923572e10	2.3763046280478877e6
5.956621435290109e10	2.496279024656574e6
6.0140449070556175e10	2.622276779337686e6
6.072021956909884e10	2.754598952570757e6
6.130557921498202e10	2.893561599475751e6
6.189658188912597e10	3.0394965145544596e6
6.249328199187811e10	3.19275201333954e6
6.3095734448019424e10	3.3536937527766195e6
6.37039947118217e10	3.522705592256542e6
6.431811877215091e10	3.700190497307094e6
6.493816315762113e10	3.8865714880553097e6
6.556418494179785e10	4.0822926346741174e6
6.6196241748451454e10	4.287820102137085e6
6.683439175686135e10	4.503643246719649e6
6.747869370717123e10	4.730275766805581e6
6.812920690579622e10	4.96825691068403e6
6.878599123088081e10	5.2181527441543145e6
6.944910713781213e10	5.480557480896838e6
7.011861566478363e10	5.756094878711139e6
7.079457843841373e10	6.045419704878647e6
7.147705767941846e10	6.349219274066466e6
7.216611620833897e10	6.668215062358077e6
7.286181745132289e10	7.003164401172701e6
7.356422544596422e10	7.354862255023737e6
7.427340484719673e10	7.724143087256909e6
7.498942093324559e10	8.111882818117882e6
7.571233961163602e10	8.519000879710952e6
7.644222742525995e10	8.946462372636605e6
7.717915155850111e10	9.395280329331774e6
7.792317984341924e10	9.866518089384716e6
7.86743807659941e10	1.0361291792356646e7
7.943282347242822e10	1.0880772993913991e7
8.019857777551352e10	1.1426191411365736e7
8.097171416105618e10	1.1998837804994218e7
8.175230379436493e10	1.2600067001889147e7
8.254041852680173e10	1.3231301069323014e7
8.333613090239577e10	1.3894032645053381e7
8.413951416451965e10	1.4589828432300752e7
8.49506422626333e10	1.5320332867538873e7
8.576958985908946e10	1.6087271969625222e7
8.659643233600653e10	1.6892457379230753e7
8.743124580220732e10	1.773779059796363e7
8.827410710022461e10	1.862526743704697e7
8.91250938133744e10	1.9556982685897253e7
8.998428427289726e10	2.053513501145952e7
9.085175756516881e10	2.1562032099692136e7
9.172759353897803e10	2.264009605115254e7
9.261187281287938e10	2.3771869043233998e7
9.350467678261195e10	2.4960019272206284e7
9.440608762859225e10	2.6207347188879095e7
9.531618832347862e10	2.7516792042376954e7
9.623506263980907e10	2.8891438747234005e7
9.716279515771077e10	3.0334525089762e7
9.809947127268784e10	3.1849449290444218e7
9.904517720348015e10	3.343977793991225e7
1.e11	3.510925432695065e7
1.0096402755134482e11	3.686180717787003e7
1.0193734859388716e11	3.87015598275475e7
1.0292005271944264e11	4.063283984343354e7
1.039122303835167e11	4.266018912487432e7
1.0491397291363069e11	4.4788374501199916e7
1.0592537251772897e11	4.7022398853186704e7
1.0694652229266452e11	4.936751278370754e7
1.0797751623277094e11	5.182922686467684e7
1.0901844923851268e11	5.441332448869989e7
1.1006941712522125e11	5.712587535526983e7
1.1113051663191304e11	5.9973249622801065e7
1.1220184543019653e11	6.2962132759357706e7
1.1328350213326096e11	6.609954112651614e7
1.1437558630495389e11	6.939283833253747e7
1.1547819846894582e11	7.284975239278561e7
1.1659144011798311e11	7.647839373720092e7
1.1771541372323016e11	8.028727410660474e7
1.1885022274370164e11	8.428532638166614e7
1.1999597163578563e11	8.848192539052086e7
1.2115276586285852e11	9.288690974330248e7
1.2232071190499326e11	9.7510604744222e7
1.2349991726875851e11	1.0236384643431604e8
1.2469049049711742e11	1.0745800682064094e8
1.2589254117941661e11	1.1280502035037014e8
1.2710617996147484e11	1.184174116912035e8
1.2833151855576538e11	1.243083248824645e8
1.2956866975170216e11	1.3049155392449814e8
1.3081774742601955e11	1.3698157487722465e8
1.3207886655325507e11	1.4379357954228354e8
1.333521432163324e11	1.5094351080681318e8
1.3463769461724666e11	1.584480997307786e8
1.3593563908785242e11	1.6632490446378756e8
1.3724609610075597e11	1.7459235108157292e8
1.3856918628031244e11	1.8326977643675905e8
1.39905031413729e11	1.9237747312318957e8
1.4125375446227554e11	2.0193673665799144e8
1.4261547957260086e11	2.1196991499065065e8
1.4399033208816327e11	2.2250046045384163e8
1.4537843856076605e11	2.3355298427626652e8
1.4677992676220737e11	2.4515331378382373e8
1.481949256960388e11	2.5732855242152965e8
1.4962356560944357e11	2.701071427352779e8
1.510659780052231e11	2.835189324591806e8
1.5252229565390198e11	2.9759524386159617e8
1.539926526059492e11	3.123689465103839e8
1.5547718420411728e11	3.2787453362586206e8
1.569760270959001e11	3.441482021982378e8
1.5848931924611108e11	3.6122793705499166e8
1.6001719994958246e11	3.7915359907281744e8
1.6155980984398697e11	3.979670177383109e8
1.6311729092278397e11	4.1771208827167094e8
1.646897865482869e11	4.3843487353814495e8
1.6627744146486334e11	4.601837109832208e8
1.678804018122559e11	4.830093248388707e8
1.6949881513903513e11	5.0696494386064756e8
1.7113283041617847e11	5.3210642486797315e8
1.7278259805078662e11	5.584923823736343e8
1.744482698999256e11	5.861843246022396e8
1.7612999928460526e11	6.152467962124658e8
1.7782794100389227e11	6.457475280532565e8
1.7954225134915903e11	6.77757594300425e8
1.8127308811846967e11	7.113515773371658e8
1.8302061063110532e11	7.466077407599069e8
1.847849797422287e11	7.836082109096473e8
1.8656635785769073e11	8.224391673486989e8
1.883649089489802e11	8.631910427233832e8
1.9018079856831396e11	9.059587324748195e8
1.920141938638801e11	9.508418148830653e8
1.9386526359522058e11	9.979447819531311e8
1.9573417814876657e11	1.0473772816770567e9
1.9762110955351904e11	1.0992543722320263e9
1.9952623149688828e11	1.1536967887026262e9
2.0144971934067834e11	1.210831222943529e9
2.033917501372293e11	1.2707906172299623e9
2.053525026457146e11	1.333714472374771e9
2.073321573485954e11	1.3997491710244007e9
2.0933089646823346e11	1.4690483168811622e9
2.1134890398366434e11	1.5417730906360016e9
2.1338636564753217e11	1.6180926234344652e9
2.1544346900318777e11	1.6981843887391782e9
2.1752040340195245e11	1.782234613494562e9
2.1961736002054367e11	1.8704387095439258e9
2.2173453187867786e11	1.9630017262965431e9
2.2387211385683377e11	2.0601388256901417e9
2.2603030271419263e11	2.1620757805470495e9
2.2820929710674554e11	2.269049497475159e9
2.3040929760558493e11	2.3813085655227323e9
2.3263050671536285e11	2.499113831853985e9
2.3487312889293204e11	2.622739005776268e9
2.3713737056616553e11	2.752471292514232e9
2.3942344015295804e11	2.8886120581953616e9
2.4173154808041013e11	3.0314775275831795e9
2.4406190680419763e11	3.1813995161701994e9
2.4641473082812762e11	3.338726198321853e9
2.4879023672388297e11	3.5038229132459073e9
2.5118864315095822e11	3.6770730106493273e9
2.5361017087678268e11	3.85887873803556e9
2.5605504279704755e11	4.0496621716928663e9
2.5852348395621887e11	4.2498661935227523e9
2.610157215682544e11	4.459955515965759e9
2.6353198503751385e11	4.680417757391007e9
2.660725059798814e11	4.911764570434469e9
2.6863751824408105e11	5.15453282589022e9
2.7122725793320297e11	5.409285854890015e9
2.7384196342643613e11	5.676614752239325e9
2.7648187540101056e11	5.957139743919713e9
2.791472368543512e11	6.251511621915336e9
2.8183829312644495e11	6.560413249676838e9
2.845552919224238e11	6.884561141698752e9
2.8729848333536566e11	7.224707120857805e9
2.900681198693156e11	7.581640057338713e9
2.9286445646252374e11	7.9561876931615925e9
2.956877505109187e11	8.349218556525805e9
2.985382618917957e11	8.761643970386545e9
3.014162529877398e11	9.194420159904078e9
3.043219887107728e11	9.648550463628563e9
3.072557365267452e11	1.0125087653527973e10
3.1021776647995044e11	1.0625136369211124e10
3.132083512179837e11	1.1149855671967707e10
3.1622776601683795e11	1.1700461724519505e10
3.192762888062425e11	1.227823060266882e10
3.223542001952459e11	1.2884501245333702e10
3.2546178349804535e11	1.3520678549779047e10
3.2859932476006476e11	1.4188236619187546e10
3.317671127842848e11	1.4888722170065872e10
3.3496543915782794e11	1.5623758107350615e10
3.3819459827879254e11	1.6395047275462488e10
3.4145488738336005e11	1.720437639397097e10
3.447466065731491e11	1.8053620186945114e10
3.4807005884284204e11	1.894474571552485e10
3.5142555010806915e11	1.9879816923707314e10
3.5481338923357605e11	2.0860999407842815e10
3.582338880616481e11	2.1890565420839806e10
3.616873614408161e11	2.29708991226306e10
3.651741272548377e11	2.410450208901111e10
3.6869450645195734e11	2.5293999091565395e10
3.7224882307444904e11	2.6542144162011635e10
3.7583740428844354e11	2.7851826954960487e10
3.794605804140434e11	2.9226079423767246e10
3.831186849557277e11	3.0668082824878284e10
3.868120546330525e11	3.2181175066833652e10
3.905410294116381e11	3.376885842087505e10
3.94305952534472e11	3.543480761095771e10
3.9810717055349695e11	3.7182878301816505e10
4.019450333615136e11	3.901711600467685e10
4.0581989422438074e11	4.094176542114661e10
4.097321098135422e11	4.296128024685533e10
4.1368204023885114e11	4.508033345743911e10
4.1767004908171906e11	4.730382810061002e10
4.216965034285823e11	4.963690861919797e10
4.257617739046915e11	5.2084972731283745e10
4.2986623470822723e11	5.465368389482487e10
4.340102636447431e11	5.734898438552392e10
4.3819424216194275e11	6.017710901810265e10
4.424185553847905e11	6.314459954262844e10
4.466835921509635e11	6.6258319749097176e10
4.509897450466355e11	6.952547131510068e10
4.553374104426248e11	7.295361043314728e10
4.597269885308718e11	7.655066525595473e10
4.641588833612792e11	8.032495419996913e10
4.6863350287889636e11	8.42852051493025e10
4.7315125896148126e11	8.844057560440038e10
4.7771256745740485e11	9.280067382186963e10
4.823178482239309e11	9.73755809942409e10
4.869675251658631e11	1.0217587452080072e11
4.916620262745641e11	1.0721265242315433e11
4.964017836673511e11	1.1249755896181967e11
5.011872336272715e11	1.1804281151292061e11
5.060188166432613e11	1.2386122876694858e11
5.108969774506914e11	1.2996626031461586e11
5.158221650723061e11	1.3637201768801555e11
5.207948328595465e11	1.43093306928647e11
5.258154385342927e11	1.5014566275743164e11
5.308844442309879e11	1.5754538442545435e11
5.3600231653918066e11	1.653095733281232e11
5.4116952654646484e11	1.7345617246943567e11
5.463865498818551e11	1.8200400786738675e11
5.516538667595586e11	1.909728319959114e11
5.569719620231798e11	2.0038336936355954e11
5.623413251903491e11	2.102573643339629e11
5.677624504977816e11	2.2061763129833728e11
5.732358369467708e11	2.3148810731568323e11
5.787619883491198e11	2.4289390734203412e11
5.843414133735164e11	2.548613821760681e11
5.899746255923547e11	2.6741817925466196e11
5.95662143529011e11	2.805933064385304e11
6.014044907055618e11	2.9441719893495624e11
6.072021956909884e11	3.089217895119575e11
6.130557921498202e11	3.2414058216562396e11
6.189658188912622e11	3.4010872941052545e11
6.249328199187811e11	3.568631133712621e11
6.309573444801943e11	3.744424308621867e11
6.37039947118217e11	3.9288728265125757e11
6.431811877215092e11	4.1224026711387787e11
6.493816315762113e11	4.3254607849252496e11
6.556418494179785e11	4.5385160998866437e11
6.619624174845145e11	4.762060619245458e11
6.683439175686135e11	4.996610552241728e11
6.747869370717123e11	5.2427075047498694e11
6.812920690579595e11	5.500919728446754e11
6.878599123088081e11	5.771843431410017e11
6.944910713781215e11	6.056104153166431e11
7.011861566478363e11	6.354358207360928e11
7.079457843841373e11	6.667294195368948e11
7.147705767941875e11	6.995634594341973e11
7.216611620833898e11	7.340137423344565e11
7.286181745132289e11	7.701597991424712e11
7.356422544596421e11	8.080850731643097e11
7.427340484719673e11	8.478771125289824e11
7.498942093324558e11	8.896277720721912e11
7.571233961163601e11	9.334334251474071e11
7.644222742525994e11	9.793951858523492e11
7.717915155850111e11	1.0276191421829673e12
7.792317984341924e11	1.0782166006521763e12
7.867438076599377e11	1.1313043429370344e12
7.943282347242821e11	1.187004895145752e12
8.019857777551353e11	1.2454468103248635e12
8.097171416105618e11	1.3067649648578665e12
8.175230379436493e11	1.3711008694378188e12
8.254041852680206e11	1.4386029953308145e12
8.333613090239576e11	1.5094271166817678e12
8.413951416451964e11	1.5837366696516887e12
8.49506422626333e11	1.661703129213373e12
8.576958985908945e11	1.743506404474057e12
8.659643233600653e11	1.8293352534357778e12
8.743124580220731e11	1.9193877181490068e12
8.827410710022461e11	2.0138715812622332e12
8.91250938133744e11	2.1130048450193035e12
8.998428427289725e11	2.2170162338081743e12
9.085175756516843e11	2.326145721418856e12
9.172759353897804e11	2.440645084225406e12
9.261187281287937e11	2.56077848156611e12
9.350467678261195e11	2.686823064659753e12
9.440608762859226e11	2.819069615459763e12
9.531618832347902e11	2.957823216918951e12
9.623506263980907e11	3.103403956208255e12
9.716279515771078e11	3.256147662510544e12
9.809947127268784e11	3.4164066810879873e12
9.904517720348015e11	3.5845506854071055e12
1.e12	3.760967529192131e12