1.e7	0.
1.0096402755134482e7	0.
1.0193734859388737e7	0.
1.0292005271944286e7	0.
1.039122303835169e7	0.
1.049139729136309e7	0.
1.0592537251772897e7	0.
1.0694652229266452e7	0.
1.0797751623277094e7	0.
1.0901844923851268e7	0.
1.1006941712522103e7	0.
1.1113051663191281e7	0.
1.122018454301963e7	0.
1.1328350213326072e7	0.
1.1437558630495388e7	0.
1.154781984689458e7	0.
1.1659144011798311e7	0.
1.177154137232304e7	0.
1.188502227437019e7	0.
1.1999597163578587e7	0.
1.2115276586285876e7	0.
1.2232071190499326e7	0.
1.234999172687585e7	0.
1.2469049049711742e7	0.
1.2589254117941663e7	0.
1.2710617996147458e7	0.
1.2833151855576513e7	0.
1.295686697517019e7	0.
1.308177474260193e7	0.
1.3207886655325506e7	0.
1.333521432163324e7	0.
1.3463769461724665e7	0.
1.3593563908785269e7	0.
1.3724609610075625e7	0.
1.3856918628031274e7	0.
1.3990503141372928e7	0.
1.4125375446227554e7	0.
1.4261547957260085e7	0.
1.4399033208816327e7	0.
1.4537843856076606e7	0.
1.4677992676220706e7	0.
1.4819492569603847e7	0.
1.4962356560944328e7	0.
1.510659780052228e7	0.
1.5252229565390198e7	0.
1.539926526059492e7	0.
1.5547718420411726e7	0.
1.5697602709590042e7	0.
1.5848931924611142e7	0.
1.6001719994958278e7	0.
1.6155980984398728e7	0.
1.6311729092278397e7	0.
1.6468978654828688e7	0.
1.6627744146486335e7	0.
1.678804018122559e7	0.
1.6949881513903476e7	0.
1.711328304161781e7	0.
1.7278259805078626e7	0.
1.744482698999252e7	0.
1.7612999928460523e7	0.
1.7782794100389227e7	0.
1.7954225134915903e7	0.
1.8127308811846968e7	0.
1.8302061063110568e7	0.
1.8478497974222906e7	0.
1.865663578576911e7	0.
1.883649089489802e7	0.
1.9018079856831398e7	0.
1.920141938638801e7	0.
1.9386526359522056e7	0.
1.9573417814876616e7	0.
1.9762110955351863e7	0.
1.9952623149688788e7	0.
2.0144971934067793e7	0.
2.033917501372293e7	0.
2.053525026457146e7	0.
2.073321573485954e7	0.
2.0933089646823347e7	0.
2.1134890398366477e7	0.
2.133863656475326e7	0.
2.1544346900318824e7	1.725097814135745e-308
2.1752040340195246e7	1.4125196974677463e-305
2.1961736002054367e7	1.0512616576031733e-302
2.2173453187867787e7	7.347398873084634e-300
2.2387211385683376e7	4.825364853056347e-297
2.2603030271419216e7	2.9796092552712934e-294
2.282092971067451e7	1.7309217879030064e-291
2.3040929760558445e7	9.465387809579353e-289
2.3263050671536237e7	4.875213273392893e-286
2.34873128892932e7	2.366421087559987e-283
2.3713737056616552e7	1.0831289859124167e-280
2.3942344015295804e7	4.6773753568790626e-278
2.4173154808041014e7	1.9067771525790612e-275
2.4406190680419814e7	7.3419725478968686e-273
2.4641473082812812e7	2.671639014622096e-270
2.4879023672388345e7	9.192418773984829e-268
2.5118864315095823e7	2.992273917667108e-265
2.536101708767827e7	9.219824925128793e-263
2.5605504279704753e7	2.690430670965686e-260
2.5852348395621885e7	7.43917109422699e-258
2.6101572156825386e7	1.950089365282766e-255
2.635319850375133e7	4.848787455860915e-253
2.6607250597988084e7	1.1441415026767585e-250
2.686375182440805e7	2.5633709169445856e-248
2.71227257933203e7	5.455610310328566e-246
2.738419634264361e7	1.103540746617575e-243
2.764818754010106e7	2.1225476565804922e-241
2.791472368543512e7	3.883822978600576e-239
2.818382931264455e7	6.76396162143769e-237
2.845552919224244e7	1.1217275837105045e-234
2.872984833353663e7	1.7722339925018247e-232
2.900681198693156e7	2.668719936120558e-230
2.928644564625237e7	3.832058621424627e-228
2.9568775051091872e7	5.249349652216387e-226
2.9853826189179573e7	6.863065962075321e-224
3.0141625298773922e7	8.567682676942413e-222
3.043219887107722e7	1.0217213039272058e-219
3.0725573652674455e7	1.1644340582560335e-217
3.102177664799498e7	1.2688152624167904e-215
3.132083512179837e7	1.322418118573603e-213
3.162277660168379e7	1.3188947993893561e-211
3.192762888062425e7	1.259229183001848e-209
3.2235420019524593e7	1.1514184887269593e-207
3.2546178349804603e7	1.0087283081720629e-205
3.285993247600654e7	8.470418841639962e-204
3.3176711278428547e7	6.820254838286483e-202
3.3496543915782794e7	5.267869957382565e-200
3.381945982787926e7	3.904633112000998e-198
3.4145488738336004e7	2.778475238063589e-196
3.447466065731491e7	1.8988150701329365e-194
3.480700588428413e7	1.2467396252925016e-192
3.514255501080684e7	7.867763923945999e-191
3.548133892335753e7	4.773899436743784e-189
3.582338880616481e7	2.7861465456208693e-187
3.616873614408161e7	1.5646031101794748e-185
3.651741272548377e7	8.457329072865557e-184
3.686945064519574e7	4.401987604590654e-182
3.72248823074449e7	2.207024628646173e-180
3.758374042884443e7	1.0662598638898203e-178
3.794605804140442e7	4.965577042429341e-177
3.831186849557285e7	2.2298670362463923e-175
3.868120546330525e7	9.65919964873026e-174
3.905410294116381e7	4.0374315155106915e-172
3.94305952534472e7	1.6289904746407952e-170
3.981071705534969e7	6.346398889008014e-169
4.019450333615128e7	2.3882310101418267e-167
4.058198942243799e7	8.683779243458506e-166
4.097321098135413e7	3.0518743641510223e-164
4.1368204023885116e7	1.0370282213674707e-162
4.176700490817191e7	3.4081587986414146e-161
4.2169650342858225e7	1.0836582516934495e-159
4.2576177390469156e7	3.3346079180146155e-158
4.298662347082272e7	9.933732678766477e-157
4.34010263644744e7	2.865691759604417e-155
4.381942421619436e7	8.008083265991764e-154
4.424185553847914e7	2.168409539736423e-152
4.466835921509635e7	5.6911225637206455e-151
4.509897450466355e7	1.448196551723198e-149
4.553374104426248e7	3.5740270673873105e-148
4.597269885308718e7	8.556881702286889e-147
4.641588833612782e7	1.988043970164075e-145
4.686335028788954e7	4.4834613030443295e-144
4.7315125896148026e7	9.817499470752546e-143
4.777125674574048e7	2.087902624933731e-141
4.823178482239309e7	4.3138218344565955e-140
4.869675251658631e7	8.661165795010813e-139
4.9166202627456404e7	1.6903285401008598e-137
4.964017836673511e7	3.2074791320161676e-136
5.011872336272725e7	5.919304819666229e-135
5.0601881664326236e7	1.0626905701785374e-133
5.108969774506924e7	1.8564626725936425e-132
5.158221650723061e7	3.156616516226511e-131
5.207948328595465e7	5.2254717290127504e-130
5.258154385342927e7	8.423800282289882e-129
5.3088444423098795e7	1.3227545352239507e-127
5.360023165391796e7	2.023707830452222e-126
5.4116952654646374e7	3.017320251018404e-125
5.46386549881854e7	4.3853747581297955e-124
5.516538667595586e7	6.214545659024755e-123
5.569719620231798e7	8.588831342971861e-122
5.623413251903491e7	1.1579357175126981e-120
5.677624504977816e7	1.5232219555317698e-119
5.732358369467708e7	1.9555638668036967e-118
5.787619883491209e7	2.4508212279611317e-117
5.8434141337351754e7	2.999037297082723e-116
5.8997462559235595e7	3.5841117871974844e-115
5.956621435290109e7	4.184162835464578e-114
6.014044907055618e7	4.7726538366201915e-113
6.072021956909884e7	5.320245554508467e-112
6.130557921498202e7	5.797208861422621e-111
6.18965818891261e7	6.176123724224164e-110
6.249328199187798e7	6.434519855706019e-109
6.3095734448019296e7	6.557101139332495e-108
6.37039947118217e7	6.537245312559237e-107
6.431811877215091e7	6.377574770273057e-106
6.493816315762113e7	6.0895340706737256e-105
6.556418494179785e7	5.692057758692335e-104
6.619624174845146e7	5.209540433816812e-103
6.6834391756861486e7	4.669406942465198e-102
6.747869370717137e7	4.0996116492890446e-101
6.812920690579608e7	3.5263714613952105e-100
6.878599123088081e7	2.972368104777893e-99
6.944910713781214e7	2.4555589430892083e-98
7.011861566478363e7	1.9886328698913767e-97
7.079457843841374e7	1.5790569502534886e-96
7.147705767941861e7	1.229593530401443e-95
7.216611620833883e7	9.39132412959625e-95
7.286181745132273e7	7.036775471043205e-94
7.356422544596422e7	5.1734650201456474e-93
7.427340484719673e7	3.732749961859354e-92
7.498942093324558e7	2.643587523162192e-91
7.571233961163601e7	1.8380317464665797e-90
7.644222742525995e7	1.2548251634324478e-89
7.717915155850127e7	8.413175986404356e-89
7.79231798434194e7	5.540617860899595e-88
7.867438076599394e7	3.5846941203642474e-87
7.943282347242822e7	2.278847143824745e-86
8.019857777551351e7	1.42370587317703e-85
8.097171416105618e7	8.742576801795878e-85
8.175230379436493e7	5.2776933779150365e-84
8.25404185268019e7	3.1326012210773915e-83
8.333613090239559e7	1.828489177072423e-82
8.413951416451947e7	1.0497246472172065e-81
8.49506422626333e7	5.928200003403562e-81
8.576958985908946e7	3.293842506615887e-80
8.659643233600654e7	1.8008716816666915e-79
8.743124580220732e7	9.690126530435812e-79
8.82741071002246e7	5.132264284047766e-78
8.91250938133746e7	2.6760053343774496e-77
8.998428427289744e7	1.3738149041868353e-76
9.085175756516862e7	6.945396214926354e-76
9.172759353897804e7	3.4582551745120754e-75
9.261187281287937e7	1.6961774957362368e-74
9.350467678261195e7	8.19600571742052e-74
9.440608762859227e7	3.902219981720794e-73
9.531618832347882e7	1.8308848807253593e-72
9.623506263980888e7	8.466634089937312e-72
9.716279515771058e7	3.859411570314493e-71
9.809947127268784e7	1.7344087782164497e-70
9.904517720348015e7	7.685300275501384e-70
1.e8	3.358208128049435e-69
1.0096402755134483e8	1.4472700953840481e-68
1.0193734859388717e8	6.1523927230295e-68
1.0292005271944265e8	2.5801663892635466e-67
1.0391223038351668e8	1.0676201405105199e-66
1.0491397291363113e8	4.3592002941334167e-66
1.0592537251772897e8	1.7566005733058237e-65
1.0694652229266451e8	6.98666511018797e-65
1.0797751623277093e8	2.7431629263960383e-64
1.0901844923851268e8	1.0633386228446674e-63
1.100694171252208e8	4.0698922675956734e-63
1.1113051663191305e8	1.5382895769937674e-62
1.1220184543019652e8	5.742343379719026e-62
1.1328350213326095e8	2.117325448851605e-61
1.1437558630495389e8	7.712310392010374e-61
1.1547819846894582e8	2.77543042171125e-60
1.165914401179831e8	9.869046708722056e-60
1.1771541372323017e8	3.4679166829264898e-59
1.1885022274370165e8	1.2043696303781643e-58
1.1999597163578562e8	4.134254961503187e-58
1.2115276586285901e8	1.4029080276584043e-57
1.2232071190499325e8	4.7065570822490705e-57
1.2349991726875852e8	1.5612300129571487e-56
1.2469049049711742e8	5.121140333301863e-56
1.2589254117941661e8	1.6613036939896122e-55
1.2710617996147431e8	5.330400655187741e-55
1.2833151855576539e8	1.69178280359527e-54
1.2956866975170216e8	5.311880709879662e-54
1.3081774742601955e8	1.6501201549724303e-53
1.3207886655325507e8	5.072131901071973e-53
1.333521432163324e8	1.542826061095654e-52
1.3463769461724666e8	4.644491525612816e-52
1.3593563908785242e8	1.3838756664430138e-51
1.3724609610075596e8	4.0816537257895544e-51
1.3856918628031245e8	1.1917839139958523e-50
1.3990503141372958e8	3.4452666770123755e-50
1.4125375446227553e8	9.861737028757447e-50
1.4261547957260084e8	2.795310989148018e-49
1.4399033208816326e8	7.846816296235648e-49
1.4537843856076607e8	2.1816425156097062e-48
1.4677992676220676e8	6.008141704372039e-48
1.4819492569603878e8	1.6390891145928848e-47
1.4962356560944358e8	4.4300614757712265e-47
1.5106597800522313e8	1.1863158188165789e-46
1.5252229565390196e8	3.147838881288139e-46
1.539926526059492e8	8.277213006655241e-46
1.5547718420411727e8	2.1570128075158324e-45
1.569760270959001e8	5.571285395525016e-45
1.584893192461111e8	1.426359361397823e-44
1.6001719994958246e8	3.6200102508524764e-44
1.615598098439876e8	9.108230491947154e-44
1.6311729092278397e8	2.2721516908845277e-43
1.6468978654828689e8	5.620243285718001e-43
1.6627744146486336e8	1.3785497367088331e-42
1.678804018122559e8	3.3533123213531856e-42
1.6949881513903442e8	8.089919268422263e-42
1.7113283041617846e8	1.9358291961005983e-41
1.727825980507866e8	4.594902161704203e-41
1.744482698999256e8	1.0819452451676715e-40
1.7612999928460523e8	2.5274766592966536e-40
1.7782794100389227e8	5.858071112715236e-40
1.7954225134915903e8	1.347225154417886e-39
1.812730881184697e8	3.074510044401739e-39
1.830206106311053e8	6.96295617451638e-39
1.847849797422287e8	1.565038178804455e-38
1.865663578576915e8	3.4914108317225374e-38
1.883649089489802e8	7.731301875681711e-38
1.9018079856831396e8	1.6994585706027567e-37
1.920141938638801e8	3.708558464709949e-37
1.9386526359522057e8	8.034637854656184e-37
1.9573417814876577e8	1.728318799552536e-36
1.9762110955351904e8	3.691537022568533e-36
1.9952623149688828e8	7.829708663361462e-36
2.0144971934067833e8	1.649179277472812e-35
2.033917501372293e8	3.44986930016159e-35
2.053525026457146e8	7.167674255845212e-35
2.073321573485954e8	1.4791860058735844e-34
2.0933089646823347e8	3.032243166992249e-34
2.1134890398366433e8	6.174893877403983e-34
2.1338636564753217e8	1.2492416890060285e-33
2.1544346900318867e8	2.5109723975896723e-33
2.1752040340195245e8	5.014673340780118e-33
2.1961736002054366e8	9.951191405283974e-33
2.2173453187867785e8	1.962300259128786e-32
2.238721138568338e8	3.845384462507267e-32
2.260303027141917e8	7.488998125744309e-32
2.2820929710674554e8	1.4495820465624173e-31
2.3040929760558495e8	2.7888312515382256e-31
2.3263050671536288e8	5.333189480265927e-31
2.3487312889293203e8	1.0138223924992049e-30
2.3713737056616554e8	1.9158933948588327e-30
2.3942344015295804e8	3.599479187104176e-30
2.4173154808041012e8	6.723430115371055e-30
2.4406190680419764e8	1.2486733108194676e-29
2.4641473082812762e8	2.30588180793181e-29
2.48790236723884e8	4.234273267511051e-29
2.511886431509582e8	7.732100117555728e-29
2.536101708767827e8	1.4041570936470135e-28
2.5605504279704756e8	2.5360408625908236e-28
2.5852348395621887e8	4.555557902382143e-28
2.610157215682533e8	8.139428446276136e-28
2.6353198503751385e8	1.4465561192646276e-27
2.660725059798814e8	2.5573343574540097e-27
2.686375182440811e8	4.497510532830874e-27
2.71227257933203e8	7.86883981898696e-27
2.738419634264361e8	1.369696178045712e-26
2.764818754010106e8	2.372104324213256e-26
2.7914723685435116e8	4.0875220086510276e-26
2.8183829312644494e8	7.008478974557032e-26
2.8455529192242384e8	1.1957631690502587e-25
2.8729848333536685e8	2.0302264196023125e-25
2.900681198693156e8	3.430375522935603e-25
2.9286445646252376e8	5.768415445372666e-25
2.9568775051091874e8	9.654030603155919e-25
2.985382618917957e8	1.6081164453548078e-24
3.014162529877386e8	2.6662582819694106e-24
3.043219887107729e8	4.400295863938803e-24
3.072557365267452e8	7.228951750552277e-24
3.102177664799504e8	1.1822279682859242e-23
3.132083512179837e8	1.924766611080087e-23
3.1622776601683795e8	3.119781489955301e-23
3.1927628880624247e8	5.034515298409829e-23
3.223542001952459e8	8.089030984470219e-23
3.254617834980453e8	1.2940720749224271e-22
3.285993247600647e8	2.061394819604289e-22
3.3176711278428614e8	3.269806778963058e-22
3.349654391578279e8	5.164859049513378e-22
3.3819459827879256e8	8.124327974699315e-22
3.414548873833601e8	1.2726997573931275e-21
3.447466065731491e8	1.985595620431214e-21
3.480700588428406e8	3.085308623313452e-21
3.514255501080691e8	4.774917310922741e-21
3.5481338923357606e8	7.36052599403799e-21
3.582338880616481e8	1.1301699730375544e-20
3.616873614408161e8	1.7285685601821122e-20
3.651741272548377e8	2.633620837310845e-20
3.6869450645195735e8	3.997232417896416e-20
3.72248823074449e8	6.043946814480197e-20
3.7583740428844357e8	9.104421928319022e-20
3.7946058041404337e8	1.366375018517121e-19
3.831186849557293e8	2.0430942036114922e-19
3.8681205463305247e8	3.043847014645503e-19
3.905410294116381e8	4.5184353682954525e-19
3.94305952534472e8	6.683422152073562e-19
3.981071705534969e8	9.850763409390502e-19
4.0194503336151195e8	1.4468234520102777e-18
4.0581989422438073e8	2.117630589286935e-18
4.097321098135422e8	3.0887880194909304e-18
4.1368204023885113e8	4.489969118668999e-18
4.1767004908171904e8	6.504739940470573e-18
4.2169650342858225e8	9.392078743751464e-18
4.257617739046915e8	1.3516133327801434e-17
4.298662347082272e8	1.9387231795518336e-17
4.3401026364474314e8	2.771821496203513e-17
4.381942421619427e8	3.9501560348915986e-17
4.424185553847923e8	5.611462814008266e-17
4.466835921509635e8	7.946282060727784e-17
4.509897450466355e8	1.121736916792961e-16
4.5533741044262487e8	1.578593084915769e-16
4.597269885308718e8	2.2146975461026507e-16
4.641588833612773e8	3.0976796223356146e-16
4.6863350287889636e8	4.3196556137998e-16
4.731512589614813e8	6.005717647165676e-16
4.777125674574048e8	8.325232612306872e-16
4.823178482239309e8	1.1506836729583425e-15
4.869675251658631e8	1.5858275985381256e-15
4.916620262745641e8	2.179258209457143e-15
4.9640178366735107e8	2.9862507616047875e-15
5.011872336272715e8	4.080569709120601e-15
5.060188166432613e8	5.560377435927864e-15
5.108969774506935e8	7.55594176889808e-15
5.158221650723061e8	1.0239662125498933e-14
5.207948328595465e8	1.3839076200209059e-14
5.2581543853429276e8	1.86536876692554e-14
5.308844442309879e8	2.5076679277035256e-14
5.360023165391785e8	3.3622855606359e-14
5.411695265464648e8	4.496450893998939e-14
5.463865498818551e8	5.997733584748101e-14
5.516538667595586e8	7.979907084294623e-14
5.569719620231798e8	1.0590417009620322e-13
5.623413251903491e8	1.4019870104546434e-13
5.677624504977816e8	1.85140606942099e-13
5.732358369467708e8	2.4389175981077963e-13
5.787619883491197e8	3.205097401109205e-13
5.843414133735163e8	4.201891452116099e-13
5.899746255923572e8	5.495645016175069e-13
5.956621435290109e8	7.170896209559696e-13
6.014044907055618e8	9.33511595869274e-13
6.072021956909884e8	1.2124616961431335e-12
6.130557921498202e8	1.5711903358637225e-12
6.189658188912597e8	2.0314792020121496e-12
6.249328199187812e8	2.6207707552110735e-12
6.309573444801943e8	3.373563859008077e-12
6.37039947118217e8	4.333134528090874e-12
6.431811877215091e8	5.553653015220472e-12
6.493816315762113e8	7.102783039212774e-12
6.556418494179785e8	9.064866307778684e-12
6.619624174845146e8	1.1544816091686965e-11
6.683439175686135e8	1.4672868018459224e-11
6.747869370717123e8	1.861036511869084e-11
6.812920690579622e8	2.3556788217844833e-11
6.878599123088082e8	2.975828287318627e-11
6.944910713781214e8	3.7517981186416254e-11
7.011861566478363e8	4.7208472094499906e-11
7.079457843841373e8	5.928683842896062e-11
7.147705767941846e8	7.431275458783559e-11
7.216611620833898e8	9.297022673155929e-11
7.286181745132289e8	1.1609365985928001e-10
7.356422544596422e8	1.446990550527979e-10
7.427340484719672e8	1.8002127796511765e-10
7.498942093324559e8	2.2355849894897784e-10
7.571233961163601e8	2.7712508905809735e-10
7.644222742525994e8	3.4291446785541584e-10
7.717915155850111e8	4.235736422566569e-10
7.792317984341924e8	5.222914546707137e-10
7.86743807659941e8	6.429028780672193e-10
7.943282347242821e8	7.900120603884863e-10
8.019857777551352e8	9.691372365315288e-10
8.097171416105617e8	1.1868810991087171e-9
8.175230379436493e8	1.45113075610438e-9
8.254041852680173e8	1.7712920117403e-9
8.333613090239576e8	2.1585633943696863e-9
8.413951416451964e8	2.626256130735236e-9
8.49506422626333e8	3.190167138869691e-9
8.576958985908946e8	3.8690333505538666e-9
8.659643233600653e8	4.684934708067415e-9
8.743124580220731e8	5.664081636990937e-9
8.82741071002246e8	6.837289712430316e-9
8.912509381337441e8	8.24086383324069e-9
8.998428427289726e8	9.91748145977762e-9
9.08517575651688e8	1.1917233579916473e-8
9.172759353897803e8	1.4298822083905195e-8
9.261187281287937e8	1.7130934783579468e-8
9.350467678261195e8	2.049382184081421e-8
9.440608762859226e8	2.4481100149409572e-8
9.531618832347863e8	2.9201815261692076e-8
9.623506263980907e8	3.478279378439012e-8
9.716279515771078e8	4.1371322806547046e-8
9.809947127268784e8	4.913819688458579e-8
9.904517720348015e8	5.828117741532559e-8
1.e9	6.902891389667365e-8
1.0096402755134482e9	8.16453816273328e-8
1.0193734859388716e9	9.643489585119243e-8
1.0292005271944265e9	1.1374776822893826e-7
1.0391223038351669e9	1.3398667784183906e-7
1.0491397291363113e9	1.5761383569368492e-7
1.0592537251772897e9	1.851590290024054e-7
1.0694652229266452e9	2.172286392410036e-7
1.0797751623277094e9	2.545157362755647e-7
1.0901844923851268e9	2.978113597273975e-7
1.100694171252208e9	3.48017108107763e-7
1.1113051663191304e9	4.0615916626470703e-7
1.1220184543019652e9	4.734039122900178e-7
1.1328350213326094e9	5.510752562862401e-7
1.1437558630495389e9	6.406738753167622e-7
1.1547819846894581e9	7.43898521493115e-7
1.165914401179831e9	8.626695935282291e-7
1.1771541372323017e9	9.99155176248042e-7
1.1885022274370165e9	1.1557997675570086e-6
1.1999597163578563e9	1.3353559282544675e-6
1.21152765862859e9	1.5409191069669635e-6
1.2232071190499325e9	1.7759659103772052e-6
1.234999172687585e9	2.044396108000136e-6
1.246904904971174e9	2.3505786809691304e-6
1.258925411794166e9	2.6994022462400998e-6
1.2710617996147432e9	3.096330210387673e-6
1.283315185557654e9	3.547460813739193e-6
1.2956866975170217e9	4.059594002022699e-6
1.3081774742601955e9	4.64030096694925e-6
1.3207886655325506e9	5.298004477766128e-6
1.333521432163324e9	6.042062847898099e-6
1.3463769461724665e9	6.882862667011552e-6
1.359356390878524e9	7.831919344239657e-6
1.3724609610075598e9	8.9019863020472e-6
1.3856918628031244e9	0.000010107173865679446
1.3990503141372957e9	0.000011463079735968542
1.4125375446227555e9	0.000012986922322864717
1.4261547957260084e9	0.000014697695014565038
1.4399033208816326e9	0.00001661633608607339
1.4537843856076605e9	0.000018765889853981005
1.4677992676220675e9	0.000021171725532870915
1.481949256960388e9	0.000023861701716962935
1.496235656094436e9	0.00002686647060085817
1.510659780052231e9	0.000030219594950969858
1.5252229565390198e9	0.000033957941383857
1.5399265260594919e9	0.00003812188247229339
1.5547718420411727e9	0.00004275563938014113
1.569760270959001e9	0.00004790761570587448
1.5848931924611108e9	0.00005363069151660442
1.6001719994958246e9	0.000059982869595092274
1.615598098439876e9	0.00006702722135680171
1.6311729092278397e9	0.00007483282169296044
1.646897865482869e9	0.00008347499975087714
1.6627744146486335e9	0.00009303590780828856
1.6788040181225588e9	0.00010360526203467196
1.6949881513903444e9	0.00011528067045292916
1.7113283041617844e9	0.000128168613476795
1.7278259805078661e9	0.00014238505199645619
1.744482698999256e9	0.00015805619657734057
1.7612999928460524e9	0.00017531980461396224
1.7782794100389228e9	0.00019432528376682218
1.7954225134915903e9	0.00021523556489082981
1.812730881184697e9	0.00023822794464823952
1.830206106311053e9	0.0002634952308422747
1.847849797422287e9	0.0002912471102326126
1.8656635785769148e9	0.00032171169880157343
1.8836490894898021e9	0.0003551371077519491
1.9018079856831396e9	0.00039179320834358244
1.920141938638801e9	0.00043197322506340573
1.9386526359522057e9	0.0004759961115740006
1.9573417814876575e9	0.0005242090449696965
1.9762110955351903e9	0.0005769887439004434
1.9952623149688828e9	0.0006347451658912437
2.0144971934067833e9	0.0006979245902664588
2.033917501372293e9	0.0007670110297654351
2.0535250264571462e9	0.0008425313710549369
2.073321573485954e9	0.0009250588410468221
2.0933089646823347e9	0.001015215453310942
2.1134890398366432e9	0.0011136782597769642
2.1338636564753218e9	0.0012211831123469226
2.1544346900318866e9	0.0013385289778637644
2.1752040340195246e9	0.001466586668019136
2.1961736002054367e9	0.0016062991676276085
2.2173453187867785e9	0.0017586941556305725
2.238721138568338e9	0.00192488688620036
2.260303027141917e9	0.0021060873427990565
2.2820929710674553e9	0.0023036194006428824
2.3040929760558496e9	0.0025189069523224175
2.326305067153629e9	0.0027535064189985092
2.3487312889293203e9	0.0030091056466636113
2.3713737056616554e9	0.0032875371931096334
2.39423440152958e9	0.0035907907821238942
2.4173154808041015e9	0.003921023812517235
2.4406190680419765e9	0.004280585772213166
2.464147308281276e9	0.004672013446739747
2.4879023672388396e9	0.005098069224350978
2.511886431509582e9	0.00556174153305183
2.536101708767827e9	0.006066278642950772
2.5605504279704757e9	0.00661519231275806
2.5852348395621886e9	0.007212294812456025
2.6101572156825333e9	0.007861712945810362
2.6353198503751383e9	0.008567920525010167
2.660725059798814e9	0.009335754794280423
2.6863751824408107e9	0.010170457113254037
2.71227257933203e9	0.011077696082938996
2.7384196342643614e9	0.012063609100066283
2.7648187540101056e9	0.013134823136825253
2.791472368543512e9	0.014298511612753976
2.818382931264449e9	0.015562417476240037
2.8455529192242384e9	0.016934923213537813
2.8729848333536687e9	0.01842505200577036
2.9006811986931562e9	0.020042580305467093
2.9286445646252375e9	0.02179802049482663
2.956877505109187e9	0.023702754015514402
2.9853826189179573e9	0.02576901912395028
3.014162529877386e9	0.028010029390467546
3.0432198871077285e9	0.03044001769172981
3.072557365267452e9	0.03307431742118067
3.1021776647995043e9	0.035929455370212485
3.132083512179837e9	0.03902318791376384
3.1622776601683793e9	0.042374671961782774
3.1927628880624247e9	0.046004463561606056
3.2235420019524593e9	0.04993471198977944
3.2546178349804535e9	0.054189208321173944
3.2859932476006474e9	0.05879350705303618
3.3176711278428617e9	0.06377509909690758
3.3496543915782795e9	0.06916345454452386
3.3819459827879257e9	0.0749902629901256
3.4145488738336005e9	0.08128950221918255
3.447466065731491e9	0.08809760362002081
3.480700588428406e9	0.09545372437361509
3.5142555010806913e9	0.10339972441592964
3.5481338923357606e9	0.11198055383800656
3.5823388806164804e9	0.12124436783317953
3.616873614408161e9	0.13124268748977658
3.651741272548377e9	0.14203074097145257
3.686945064519573e9	0.1536676065333945
3.72248823074449e9	0.1662164857909758
3.7583740428844357e9	0.17974512215987898
3.794605804140434e9	0.1943257649560979
3.831186849557293e9	0.21003574620437565
3.868120546330525e9	0.22695781799445197
3.905410294116381e9	0.24518021641674717
3.94305952534472e9	0.26479728573024247
3.9810717055349693e9	0.28590992553568984
4.0194503336151195e9	0.3086255672506025
4.0581989422438073e9	0.33305903783073276
4.0973210981354218e9	0.3593329459632114
4.136820402388511e9	0.38757789289597655
4.17670049081719e9	0.41793320645493265
4.2169650342858224e9	0.45054781248721404
4.2576177390469155e9	0.4855798439753689
4.298662347082273e9	0.523198190032896
4.340102636447432e9	0.563582809391483
4.381942421619428e9	0.6069252635815834
4.424185553847923e9	0.6534295912908293
4.466835921509635e9	0.7033131146399008
4.509897450466355e9	0.7568071458979118
4.553374104426249e9	0.8141577164546954
4.597269885308718e9	0.875626660848949
4.641588833612773e9	0.9414928092753646
4.686335028788963e9	1.012052203250375
4.731512589614813e9	1.0876199274145169
4.777125674574048e9	1.1685310165995155
4.823178482239309e9	1.255141502057254
4.869675251658631e9	1.347829595779535
4.916620262745641e9	1.446997245509238
4.964017836673511e9	1.5530716460801681
5.011872336272715e9	1.666506163428299
5.060188166432613e9	1.7877823916286368
5.108969774506935e9	1.9174114790357988
5.158221650723061e9	2.0559369200749504
5.207948328595465e9	2.2039340743662432
5.258154385342927e9	2.3620143979327803
5.308844442309879e9	2.5308264197407815
5.360023165391785e9	2.7110584507426267
5.411695265464648e9	2.9034399113753704
5.463865498818551e9	3.108744694149948
5.516538667595586e9	3.327792999005415
5.569719620231798e9	3.56145591750381
5.623413251903491e9	3.810654276384267
5.677624504977817e9	4.07636555878638
5.732358369467708e9	4.3596252038358205
5.787619883491197e9	4.661530632808527
5.843414133735163e9	4.983243871592673
5.899746255923572e9	5.325995978359276
5.95662143529011e9	5.691090717666988
6.014044907055617e9	6.079908840632253
6.0720219569098835e9	6.4939125613597755
6.130557921498202e9	6.9346489264924225
6.189658188912597e9	7.403756169265349
6.249328199187811e9	7.902968024743326
6.309573444801943e9	8.43411966247446
6.37039947118217e9	8.999152352540845
6.431811877215091e9	9.600120135250267
6.493816315762114e9	10.239196016294366
6.556418494179785e9	10.918678210504758
6.619624174845145e9	11.640999175976786
6.683439175686135e9	12.408728613246971
6.747869370717123e9	13.224585173001223
6.812920690579622e9	14.09144316781128
6.878599123088081e9	15.012341124790009
6.944910713781214e9	15.990491788094229
7.011861566478363e9	17.02928979115114
7.079457843841373e9	18.132323270567014
7.147705767941846e9	19.30338406173464
7.216611620833899e9	20.546478694818514
7.286181745132289e9	21.865840876241194
7.356422544596421e9	23.26594335115463
7.427340484719672e9	24.751509560233558
7.498942093324558e9	26.327529803306753
7.571233961163601e9	27.999274496990374
7.644222742525994e9	29.77230936877365
7.717915155850112e9	31.652512977329433
7.792317984341925e9	33.64609059770631
7.86743807659941e9	35.75959458742118
7.943282347242822e9	37.99994239917185
8.019857777551352e9	40.37443619273002
8.097171416105618e9	42.89078311640518
8.175230379436493e9	45.557121346837256
8.254041852680173e9	48.38203430245967
8.333613090239576e9	51.37458273349214
8.413951416451964e9	54.544327581834565
8.4950642262633295e9	57.901356828103616
8.576958985908946e9	61.45631372901904
8.659643233600653e9	65.22042750524602
8.743124580220732e9	69.20554338055508
8.82741071002246e9	73.4241553477643
8.91250938133744e9	77.88944233373316
8.998428427289726e9	82.61530383232576
9.08517575651688e9	87.61639835647647
9.172759353897804e9	92.9081832091249
9.261187281287937e9	98.50696247225859
9.350467678261196e9	104.42992037727181
9.440608762859226e9	110.69517799529345
9.531618832347862e9	117.32184010488238
9.623506263980907e9	124.33004695508728
9.716279515771078e9	131.7410291929307
9.809947127268784e9	139.5771653587571
9.904517720348015e9	147.86204444879044
1.e10	156.62052649229472
1.0096402755134481e10	165.87881103078485
1.0193734859388716e10	175.6645089466855
1.0292005271944265e10	186.00671573701203
1.039122303835167e10	196.93608973969762
1.0491397291363113e10	208.48493422288365
1.0592537251772898e10	220.6872822279456
1.069465222926645e10	233.57899941228663
1.0797751623277094e10	247.19785406204772
1.0901844923851267e10	261.5836411756014
1.1006941712522081e10	276.7782792628667
1.1113051663191305e10	292.82592203367227
1.1220184543019653e10	309.7730754210722
1.1328350213326096e10	327.6687204692093
1.1437558630495388e10	346.56444227484224
1.1547819846894583e10	366.5145682919969
1.1659144011798311e10	387.5763075430202
1.1771541372323017e10	409.80990077560114
1.1885022274370165e10	433.2787817618144
1.1999597163578562e10	458.04974119141946
1.21152765862859e10	484.1931013809541
1.2232071190499325e10	511.7828997182943
1.234999172687585e10	540.8970814118628
1.246904904971174e10	571.617701575512
1.2589254117941662e10	604.0311432178804
1.2710617996147432e10	638.228335905881
1.2833151855576538e10	674.3049854249919
1.2956866975170216e10	712.3618340470448
1.3081774742601955e10	752.5049138443832
1.3207886655325506e10	794.8458207032758
1.333521432163324e10	839.5020016687944
1.3463769461724665e10	886.5970568530955
1.3593563908785242e10	936.2610566578892
1.3724609610075598e10	988.6308747261791
1.3856918628031244e10	1043.8505424433251
1.3990503141372957e10	1102.0716111004022
1.4125375446227554e10	1163.4535386182245
1.4261547957260084e10	1228.1641020736172
1.4399033208816326e10	1296.379821345361
1.4537843856076607e10	1368.2864084255887
1.4677992676220675e10	1444.0792391799655
1.4819492569603878e10	1523.963848981298
1.4962356560944359e10	1608.1564534250451
1.5106597800522312e10	1696.8844952916672
1.5252229565390198e10	1790.3872180324317
1.539926526059492e10	1888.9162813776206
1.5547718420411726e10	1992.736377642994
1.569760270959001e10	2102.12590042263
1.5848931924611109e10	2217.3776589083536
1.6001719994958244e10	2338.799604507564
1.6155980984398762e10	2466.7156046383902
1.6311729092278397e10	2601.4662547152607
1.646897865482869e10	2743.409731002042
1.6627744146486336e10	2892.9226864522734
1.678804018122559e10	3050.4011916930926
1.6949881513903442e10	3216.2617233706123
1.7113283041617846e10	3390.9422019004387
1.7278259805078663e10	3574.9030837443374
1.7444826989992558e10	3768.6285142019256
1.7612999928460526e10	3972.6275026230865
1.778279410038923e10	4187.435217595138
1.79542251349159e10	4413.614299789675
1.812730881184697e10	4651.756257254428
1.830206106311053e10	4902.482929290864
1.847849797422287e10	5166.448023716857
1.865663578576915e10	5444.338731259586
1.883649089489802e10	5736.877420930709
1.9018079856831398e10	6044.823420410358
1.9201419386388012e10	6368.974885636226
1.9386526359522057e10	6710.170763897966
1.9573417814876575e10	7069.292853951703
1.9762110955351902e10	7447.267980852498
1.9952623149688828e10	7845.070272983667
2.0144971934067833e10	8263.723497815712
2.033917501372293e10	8704.303635842554
2.053525026457146e10	9167.941480887139
2.073321573485954e10	9655.825406727361
2.0933089646823345e10	10169.20426884322
2.1134890398366432e10	10709.390450804254
2.1338636564753216e10	11277.763062686761
2.1544346900318867e10	11875.77129909485
2.1752040340195244e10	12504.937964699113
2.1961736002054367e10	13166.863175591898
2.2173453187867786e10	13863.228245150987
2.2387211385683376e10	14595.799763523815
2.260303027141917e10	15366.433880217766
2.2820929710674557e10	16177.080799145273
2.3040929760558495e10	17029.789502810636
2.3263050671536285e10	17926.712719937655
2.34873128892932e10	18870.112073216995
2.3713737056616554e10	19862.363601351313
2.3942344015295803e10	20905.963462359545
2.417315480804101e10	22003.533952768576
2.440619068041976e10	23157.82982290544
2.4641473082812763e10	24371.744905576492
2.4879023672388397e10	25648.319073768092
2.511886431509582e10	26990.745543615634
2.536101708767827e10	28402.378539667843
2.5605504279704754e10	29886.741340281853
2.5852348395621887e10	31447.534721873122
2.6101572156825333e10	33088.6458216451
2.6353198503751385e10	34814.15743938422
2.660725059798814e10	36628.35779989179
2.6863751824408104e10	38535.75079865022
2.7122725793320297e10	40541.06675418504
2.7384196342643612e10	42649.273689909525
2.764818754010106e10	44865.58919005903
2.791472368543512e10	47195.492869730246
2.8183829312644493e10	49644.739249851766
2.8455529192242382e10	52219.37163879664
2.8729848333536686e10	54925.73640834114
2.900681198693156e10	57770.49807586427
2.9286445646252373e10	60760.65512187827
2.9568775051091873e10	63903.55658731649
2.9853826189179573e10	67206.9194893773
3.0141625298773857e10	70678.84709611634
3.0432198871077286e10	74327.84810186712
3.072557365267452e10	78162.8567475822
3.1021776647995045e10	82193.25393236143
3.132083512179837e10	86428.88936462051
3.1622776601683792e10	90880.10480376054
3.192762888062425e10	95557.75844563912
3.2235420019524593e10	100473.25050773348
3.2546178349804535e10	105638.55007260347
3.2859932476006474e10	111066.22325109289
3.3176711278428616e10	116769.46272968833
3.3496543915782795e10	122762.1187695288
3.3819459827879257e10	129058.73172776734
3.4145488738336006e10	135674.56617452367
3.447466065731491e10	142625.6466442671
3.480700588428406e10	149928.79544994116
3.5142555010806915e10	157601.67150915222
3.5481338923357605e10	165662.81222596724
3.58233888061648e10	174131.6765815733
3.616873614408161e10	183028.6906477251
3.651741272548377e10	192375.29528782837
3.686945064519573e10	202193.9961928723
3.72248823074449e10	212508.4163665437
3.758374042884435e10	223343.35117868753
3.7946058041404335e10	234724.8261119157
3.831186849557293e10	246680.15733217527
3.868120546330525e10	259238.01522033484
3.905410294116381e10	272428.4910085684
3.94305952534472e10	286283.1666720527
3.981071705534969e10	300835.18823391007
4.01945033361512e10	316119.3426488315
4.058198942243807e10	332172.1384388053
4.097321098135422e10	349031.8902626558
4.136820402388512e10	366738.80760998186
4.1767004908171906e10	385335.08781898697
4.216965034285822e10	404865.0136275125
4.2576177390469154e10	425375.0554764929
4.298662347082272e10	446913.97879559005
4.340102636447431e10	469532.9565118011
4.3819424216194275e10	493285.6870333303
4.424185553847923e10	518228.51797309204
4.466835921509635e10	544420.5758887102
4.509897450466355e10	571923.9023288761
4.553374104426248e10	600803.5964862994
4.597269885308718e10	631127.9646631631
4.641588833612772e10	662968.677960199
4.686335028788963e10	696400.9349300542
4.7315125896148125e10	731503.6358221741
4.777125674574048e10	768359.5625769463
4.823178482239309e10	807055.5685305089
4.869675251658631e10	847682.7771881208
4.9166202627456406e10	890336.7906247573
4.964017836673511e10	935117.9079785739
5.011872336272715e10	982131.3545225443
5.060188166432613e10	1.0314875218222379e6
5.108969774506934e10	1.0833022195118677e6
5.1582216507230606e10	1.1376969392457781e6
5.207948328595465e10	1.1947991314095187e6
5.2581543853429276e10	1.2547424952015735e6
5.308844442309879e10	1.3176672827265933e6
5.360023165391785e10	1.3837206177709012e6
5.4116952654646484e10	1.4530568299630333e6
5.463865498818551e10	1.525837805055076e6
5.5165386675955864e10	1.6022333520961215e6
5.569719620231798e10	1.6824215883045117e6
5.6234132519034904e10	1.7665893424847922e6
5.677624504977816e10	1.854932577874629e6
5.732358369467708e10	1.9476568353489446e6
5.787619883491197e10	2.0449776979523136e6
5.843414133735163e10	2.147121277776428e6
5.899746255923572e10	2.2543247262474e6
5.956621435290109e10	2.3668367689376045e6
6.0140449070556175e10	2.484918266070105e6
6.072021956909884e10	2.6088427999371453e6
6.130557921498202e10	2.7388972905131807e6
6.189658188912597e10	2.8753826406021547e6
6.249328199187811e10	3.0186144119220204e6
6.3095734448019424e10	3.1689235335948598e6
6.37039947118217e10	3.326657044581141e6
6.431811877215091e10	3.4921788716665134e6
6.493816315762113e10	3.6658706446871595e6
6.556418494179785e10	3.8481325507571436e6
6.6196241748451454e10	4.0393842293442157e6
6.683439175686135e10	4.2400657101266235e6
6.747869370717123e10	4.450638395653261e6
6.812920690579622e10	4.67158609092205e6
6.878599123088081e10	4.903416082051411e6
6.944910713781213e10	5.146660266854815e6
7.011861566478363e10	5.401876338073253e6
7.079457843841373e10	5.669649024545454e6
7.147705767941846e10	5.950591390598747e6
7.216611620833897e10	6.245346197445041e6
7.286181745132289e10	6.554587329394884e6
7.356422544596422e10	6.879021287885439e6
7.427340484719673e10	7.219388756512989e6
7.498942093324559e10	7.576466240406829e6
7.571233961163602e10	7.951067783432339e6
7.644222742525995e10	8.344046766872972e6
7.717915155850111e10	8.7562977934091e6
7.792317984341924e10	9.188758660387803e6
7.86743807659941e10	9.64241242656173e6
7.943282347242822e10	1.011828957666628e7
8.019857777551352e10	1.0617470288409183e7
8.097171416105618e10	1.1141086806650192e7
8.175230379436493e10	1.1690325929773841e7
8.254041852680173e10	1.2266431613484815e7
8.333613090239577e10	1.287070769749522e7
8.413951416451965e10	1.3504520760822115e7
8.49506422626333e10	1.4169303111680374e7
8.576958985908946e10	1.4866555918219503e7
8.659643233600653e10	1.5597852486647833e7
8.743124580220732e10	1.6364841693579586e7
8.827410710022461e10	1.7169251579753134e7
8.91250938133744e10	1.8012893112593956e7
8.998428427289726e10	1.889766412543407e7
9.085175756516881e10	1.9825553441555046e7
9.172759353897803e10	2.0798645191588465e7
9.261187281287938e10	2.181912333320217e7
9.350467678261195e10	2.288927638238918e7
9.440608762859225e10	2.4011502366111998e7
9.531618832347862e10	2.5188314006484322e7
9.623506263980907e10	2.6422344147134375e7
9.716279515771077e10	2.7716351432868525e7
9.809947127268784e10	2.9073226254263267e7
9.904517720348015e10	3.0495996969316088e7
1.e11	3.1987836414847504e7
1.0096402755134482e11	3.3552068720902015e7
1.0193734859388716e11	3.519217644199053e7
1.0292005271944264e11	3.691180801963262e7
1.039122303835167e11	3.8714785591300495e7
1.0491397291363069e11	4.060511316153631e7
1.0592537251772897e11	4.2586985151715025e7
1.0694652229266452e11	4.466479534564794e7
1.0797751623277094e11	4.684314624899919e7
1.0901844923851268e11	4.9126858881251395e7
1.1006941712522125e11	5.152098301981025e7
1.1113051663191304e11	5.403080791667738e7
1.1220184543019653e11	5.666187350903995e7
1.1328350213326096e11	5.941998214602767e7
1.1437558630495389e11	6.231121085489362e7
1.1547819846894582e11	6.534192417086908e7
1.1659144011798311e11	6.851878755600579e7
1.1771541372323016e11	7.18487814334164e7
1.1885022274370164e11	7.533921586447054e7
1.1999597163578563e11	7.899774589769529e7
1.2115276586285852e11	8.283238761936978e7
1.2232071190499326e11	8.6851534937096e7
1.2349991726875851e11	9.10639771289639e7
1.2469049049711742e11	9.547891719235909e7
1.2589254117941661e11	1.0010599102785835e8
1.2710617996147484e11	1.049552874952359e8
1.2833151855576538e11	1.1003736938012628e8
1.2956866975170216e11	1.1536329531157835e8
1.3081774742601955e11	1.2094464267236984e8
1.3207886655325507e11	1.2679353154579133e8
1.333521432163324e11	1.3292264974439651e8
1.3463769461724666e11	1.3934527896815416e8
1.3593563908785242e11	1.4607532214139226e8
1.3724609610075597e11	1.5312733197987792e8
1.3856918628031244e11	1.6051654084352762e8
1.39905031413729e11	1.6825889192503417e8
1.4125375446227554e11	1.7637107183863643e8
1.4261547957260086e11	1.848705446695843e8
1.4399033208816327e11	1.9377558754156053e8
1.4537843856076605e11	2.031053277726547e8
1.4677992676220737e11	2.1287978168662608e8
1.481949256960388e11	2.2311989515057212e8
1.4962356560944357e11	2.3384758591302952e8
1.510659780052231e11	2.4508578781933492e8
1.5252229565390198e11	2.5685849698432472e8
1.539926526059492e11	2.691908200055537e8
1.5547718420411728e11	2.821090243035499e8
1.569760270959001e11	2.956405906790588e8
1.5848931924611108e11	3.09814268180762e8
1.6001719994958246e11	3.246601313806498e8
1.6155980984398697e11	3.4020964015797806e8
1.6311729092278397e11	3.5649570209673417e8
1.646897865482869e11	3.735527376054712e8
1.6627744146486334e11	3.9141674787277037e8
1.678804018122559e11	4.1012538577561516e8
1.6949881513903513e11	4.297180298627142e8
1.7113283041617847e11	4.5023586153919494e8
1.7278259805078662e11	4.7172194558406365e8
1.744482698999256e11	4.942213141364258e8
1.7612999928460526e11	5.177810542917771e8
1.7782794100389227e11	5.424503994547329e8
1.7954225134915903e11	5.682808245999268e8
1.8127308811846967e11	5.953261455982817e8
1.8302061063110532e11	6.23642622771571e8
1.847849797422287e11	6.53289068843941e8
1.8656635785769073e11	6.843269614650004e8
1.883649089489802e11	7.168205604852706e8
1.9018079856831396e11	7.508370301709034e8
1.920141938638801e11	7.864465665513098e8
1.9386526359522058e11	8.23722530099402e8
1.9573417814876657e11	8.627415839513865e8
1.9762110955351904e11	9.035838378794615e8
1.9952623149688828e11	9.463329982383041e8
2.0144971934067834e11	9.910765241126107e8
2.033917501372293e11	1.0379057899010148e9
2.053525026457146e11	1.086916254578518e9
2.073321573485954e11	1.13820763788738e9
2.0933089646823346e11	1.191884103713924e9
2.1134890398366434e11	1.2480544509164124e9
2.1338636564753217e11	1.30683231187694e9
2.1544346900318777e11	1.3683363590582514e9
2.1752040340195245e11	1.4326905198541698e9
2.1961736002054367e11	1.5000242000303109e9
2.2173453187867786e11	1.5704725160599537e9
2.2387211385683377e11	1.6441765366676326e9
2.2603030271419263e11	1.721283533901086e9
2.2820929710674554e11	1.8019472440599105e9
2.3040929760558493e11	1.8863281388181043e9
2.3263050671536285e11	1.9745937068834128e9
2.3487312889293204e11	2.0669187465464165e9
2.3713737056616553e11	2.1634856694771852e9
2.3942344015295804e11	2.264484816137248e9
2.4173154808041013e11	2.3701147831786704e9
2.4406190680419763e11	2.480582763210915e9
2.4641473082812762e11	2.5961048973211765e9
2.4879023672388297e11	2.7169066407398615e9
2.5118864315095822e11	2.843223142048828e9
2.5361017087678268e11	2.9752996363331456e9
2.5605504279704755e11	3.1133918526834326e9
2.5852348395621887e11	3.257766436457246e9
2.610157215682544e11	3.4087013867111206e9
2.6353198503751385e11	3.5664865092168145e9
2.660725059798814e11	3.731423885476175e9
2.6863751824408105e11	3.9038283581472163e9
2.7122725793320297e11	4.084028033292217e9
2.7384196342643613e11	4.272364799858257e9
2.7648187540101056e11	4.469194866791066e9
2.791472368543512e11	4.674889318181213e9
2.8183829312644495e11	4.889834686829475e9
2.845552919224238e11	5.114433546610195e9
2.8729848333536566e11	5.349105123998617e9
2.900681198693156e11	5.5942859291109e9
2.9286445646252374e11	5.850430406589503e9
2.956877505109187e11	6.118011606646061e9
2.985382618917957e11	6.39752187654866e9
3.014162529877398e11	6.689473572810935e9
3.043219887107728e11	6.994399794313548e9
3.072557365267452e11	7.312855136551616e9
3.1021776647995044e11	7.645416467153351e9
3.132083512179837e11	7.9926837227882e9
3.1622776601683795e11	8.3552807275094795e9
3.192762888062425e11	8.73385603253995e9
3.223542001952459e11	9.1290837774338e9
3.2546178349804535e11	9.54166457248888e9
3.2859932476006476e11	9.972326402193022e9
3.317671127842848e11	1.0421825549420853e10
3.3496543915782794e11	1.0890947539989626e10
3.3819459827879254e11	1.1380508107087858e10
3.4145488738336005e11	1.1891354174977901e10
3.447466065731491e11	1.2424364861249743e10
3.4807005884284204e11	1.2980452496763506e10
3.5142555010806915e11	1.356056366227785e10
3.5481338923357605e11	1.4165680240611113e10
3.582338880616481e11	1.4796820482967552e10
3.616873614408161e11	1.5455040087924482e10
3.651741272548377e11	1.6141433291328773e10
3.6869450645195734e11	1.6857133965139e10
3.7224882307444904e11	1.760331672300551e10
3.7583740428844354e11	1.8381198030116615e10
3.794605804140434e11	1.9192037314547863e10
3.831186849557277e11	2.00371380770329e10
3.868120546330525e11	2.09178489957572e10
3.905410294116381e11	2.1835565022381027e10
3.94305952534472e11	2.2791728465133274e10
3.9810717055349695e11	2.3787830054367886e10
4.019450333615136e11	2.482540998552007e10
4.0581989422438074e11	2.5906058933917446e10
4.097321098135422e11	2.7031419035335327e10
4.1368204023885114e11	2.820318482562416e10
4.1767004908171906e11	2.9423104132108963e10
4.216965034285823e11	3.0692978908841236e10
4.257617739046915e11	3.201466600688014e10
4.2986623470822723e11	3.3390077870295265e10
4.340102636447431e11	3.482118314745044e10
4.3819424216194275e11	3.631000720643209e10
4.424185553847905e11	3.785863254237287e10
4.466835921509635e11	3.946919906354329e10
4.509897450466355e11	4.114390424178099e10
4.553374104426248e11	4.288500311171841e10
4.597269885308718e11	4.46948081021031e10
4.641588833612792e11	4.657568868077351e10
4.6863350287889636e11	4.853007079379886e10
4.7315125896148126e11	5.056043607734092e10
4.7771256745740485e11	5.2669320819350685e10
4.823178482239309e11	5.485931464608502e10
4.869675251658631e11	5.7133058906926e10
4.916620262745641e11	5.949324472823747e10
4.964017836673511e11	6.194261070536195e10
5.011872336272715e11	6.448394019921091e10
5.060188166432613e11	6.7120058200991516e10
5.108969774506914e11	6.985382772642482e10
5.158221650723061e11	7.268814569751274e10
5.207948328595465e11	7.562593826667094e10
5.258154385342927e11	7.867015553483807e10
5.308844442309879e11	8.182376561157155e10
5.3600231653918066e11	8.508974796099692e10
5.4116952654646484e11	8.847108597366292e10
5.463865498818551e11	9.197075869947202e10
5.516538667595586e11	9.559173167286829e10
5.569719620231798e11	9.93369467554879e10
5.623413251903491e11	1.032093109165559e11
5.677624504977816e11	1.0721168386566487e11
5.732358369467708e11	1.1134686444602727e11
5.787619883491198e11	1.1561757569007237e11
5.843414133735164e11	1.2002644843126085e11
5.899746255923547e11	1.245760033604206e11
5.95662143529011e11	1.2926863140447374e11
6.014044907055618e11	1.3410657229861823e11
6.072021956909884e11	1.3909189121308292e11
6.130557921498202e11	1.4422645328590268e11
6.189658188912622e11	1.495118959032716e11
6.249328199187811e11	1.5494959855627298e11
6.309573444801943e11	1.6054065009386337e11
6.37039947118217e11	1.662858131754296e11
6.431811877215092e11	1.7218548571700928e11
6.493816315762113e11	1.7823965910670306e11
6.556418494179785e11	1.8444787295274603e11
6.619624174845145e11	1.9080916611001944e11
6.683439175686135e11	1.973220237120847e11
6.747869370717123e11	2.0398431991951868e11
6.812920690579595e11	2.107932560753984e11
6.878599123088081e11	2.1774529393341473e11
6.944910713781215e11	2.248360836092328e11
7.011861566478363e11	2.3206038587276764e11
7.079457843841373e11	2.394119883820218e11
7.147705767941875e11	2.4688361542540567e11
7.216611620833898e11	2.544668307136275e11
7.286181745132289e11	2.621519327303674e11
7.356422544596421e11	2.699278421197336e11
7.427340484719673e11	2.7778198054869714e11
7.498942093324558e11	2.857001404516848e11
7.571233961163601e11	2.936663450211708e11
7.644222742525994e11	3.0166269776584564e11
7.717915155850111e11	3.0966922090932825e11
7.792317984341924e11	3.1766368186959247e11
7.867438076599377e11	3.2562140697963477e11
7.943282347242821e11	3.335150815915094e11
8.019857777551353e11	3.413145356167745e11
8.097171416105618e11	3.489865135079488e11
8.175230379436493e11	3.564944276271679e11
8.254041852680206e11	3.637980938618613e11
8.333613090239576e11	3.7085344828935767e11
8.413951416451964e11	3.776122435971801e11
8.49506422626333e11	3.8402172390348456e11
8.576958985908945e11	3.900242764969294e11
8.659643233600653e11	3.9555705897529376e11
8.743124580220731e11	4.005516000931472e11
8.827410710022461e11	4.049333725890144e11
8.91250938133744e11	4.086213360884723e11
8.998428427289725e11	4.1152744810180334e11
9.085175756516843e11	4.135561409801605e11
9.172759353897804e11	4.146037625776839e11
9.261187281287937e11	4.145579781843655e11
9.350467678261195e11	4.132971311845505e11
9.440608762859226e11	4.106895596958059e11
9.531618832347902e11	4.065928662931563e11
9.623506263980907e11	4.008531376815466e11
9.716279515771078e11	3.933041111039158e11
9.809947127268784e11	3.837662838635442e11
9.904517720348015e11	3.7204596234372394e11
1.e12	3.5793424646362415e11