1.e7	0.
1.0096402755134482e7	0.
1.0193734859388737e7	0.
1.0292005271944286e7	0.
1.039122303835169e7	0.
1.049139729136309e7	0.
1.0592537251772897e7	0.
1.0694652229266452e7	0.
1.0797751623277094e7	0.
1.0901844923851268e7	0.
1.1006941712522103e7	0.
1.1113051663191281e7	0.
1.122018454301963e7	0.
1.1328350213326072e7	0.
1.1437558630495388e7	0.
1.154781984689458e7	0.
1.1659144011798311e7	0.
1.177154137232304e7	0.
1.188502227437019e7	0.
1.1999597163578587e7	0.
1.2115276586285876e7	0.
1.2232071190499326e7	0.
1.234999172687585e7	0.
1.2469049049711742e7	0.
1.2589254117941663e7	0.
1.2710617996147458e7	0.
1.2833151855576513e7	0.
1.295686697517019e7	0.
1.308177474260193e7	0.
1.3207886655325506e7	0.
1.333521432163324e7	0.
1.3463769461724665e7	0.
1.3593563908785269e7	0.
1.3724609610075625e7	0.
1.3856918628031274e7	0.
1.3990503141372928e7	0.
1.4125375446227554e7	0.
1.4261547957260085e7	0.
1.4399033208816327e7	0.
1.4537843856076606e7	0.
1.4677992676220706e7	0.
1.4819492569603847e7	0.
1.4962356560944328e7	0.
1.510659780052228e7	0.
1.5252229565390198e7	0.
1.539926526059492e7	0.
1.5547718420411726e7	0.
1.5697602709590042e7	0.
1.5848931924611142e7	0.
1.6001719994958278e7	0.
1.6155980984398728e7	0.
1.6311729092278397e7	0.
1.6468978654828688e7	0.
1.6627744146486335e7	0.
1.678804018122559e7	0.
1.6949881513903476e7	0.
1.711328304161781e7	0.
1.7278259805078626e7	0.
1.744482698999252e7	0.
1.7612999928460523e7	0.
1.7782794100389227e7	0.
1.7954225134915903e7	0.
1.8127308811846968e7	0.
1.8302061063110568e7	0.
1.8478497974222906e7	0.
1.865663578576911e7	0.
1.883649089489802e7	0.
1.9018079856831398e7	0.
1.920141938638801e7	0.
1.9386526359522056e7	0.
1.9573417814876616e7	0.
1.9762110955351863e7	0.
1.9952623149688788e7	0.
2.0144971934067793e7	0.
2.033917501372293e7	0.
2.053525026457146e7	0.
2.073321573485954e7	0.
2.0933089646823347e7	0.
2.1134890398366477e7	0.
2.133863656475326e7	0.
2.1544346900318824e7	1.683934992745357e-308
2.1752040340195246e7	1.3779224517030622e-305
2.1961736002054367e7	1.0255560318487275e-302
2.2173453187867787e7	7.168035174724157e-300
2.2387211385683376e7	4.707757558439057e-297
2.2603030271419216e7	2.907101269208072e-294
2.282092971067451e7	1.688864109060373e-291
2.3040929760558445e7	9.235737976962186e-289
2.3263050671536237e7	4.757099820955933e-286
2.34873128892932e7	2.3091687052606e-283
2.3713737056616552e7	1.0569595193959854e-280
2.3942344015295804e7	4.564513544690068e-278
2.4173154808041014e7	1.860826533595587e-275
2.4406190680419814e7	7.165260197041823e-273
2.4641473082812812e7	2.6074131003606044e-270
2.4879023672388345e7	8.971691557230914e-268
2.5118864315095823e7	2.920505108414346e-265
2.536101708767827e7	8.998933096159986e-263
2.5605504279704753e7	2.6260411534487824e-260
2.5852348395621885e7	7.26131545803178e-258
2.6101572156825386e7	1.9035135816155917e-255
2.635319850375133e7	4.733092680722627e-253
2.6607250597988084e7	1.11686760758158e-250
2.686375182440805e7	2.5023221206737125e-248
2.71227257933203e7	5.325797326766823e-246
2.738419634264361e7	1.0773056465705769e-243
2.764818754010106e7	2.0721301576376588e-241
2.791472368543512e7	3.791646052778743e-239
2.818382931264455e7	6.603558861651085e-237
2.845552919224244e7	1.0951476135402401e-234
2.872984833353663e7	1.7302723441845263e-232
2.900681198693156e7	2.6055796731126254e-230
2.928644564625237e7	3.741461481342025e-228
2.9568775051091872e7	5.1253348908070805e-226
2.9853826189179573e7	6.701042576021674e-224
3.0141625298773922e7	8.365557594844633e-222
3.043219887107722e7	9.976338004036556e-220
3.0725573652674455e7	1.1370005404597332e-217
3.102177664799498e7	1.2389424187816358e-215
3.132083512179837e7	1.291303648439807e-213
3.162277660168379e7	1.2878833067303043e-211
3.192762888062425e7	1.229639574490667e-209
3.2235420019524593e7	1.1243793920689636e-207
3.2546178349804603e7	9.850549461621274e-206
3.285993247600654e7	8.271754838951587e-204
3.3176711278428547e7	6.660392968381088e-202
3.3496543915782794e7	5.144471319000005e-200
3.381945982787926e7	3.813224468344908e-198
3.4145488738336004e7	2.7134704145201627e-196
3.447466065731491e7	1.85441806229637e-194
3.480700588428413e7	1.2176070829673115e-192
3.514255501080684e7	7.684031919892826e-191
3.548133892335753e7	4.662486254807559e-189
3.582338880616481e7	2.721164149598212e-187
3.616873614408161e7	1.52813420435736e-185
3.651741272548377e7	8.260324376182546e-184
3.686945064519574e7	4.2995133633901953e-182
3.72248823074449e7	2.155680229143529e-180
3.758374042884443e7	1.0414704560374563e-178
3.794605804140442e7	4.850208625260362e-177
3.831186849557285e7	2.17809360228336e-175
3.868120546330525e7	9.435081836967318e-174
3.905410294116381e7	3.943816863752907e-172
3.94305952534472e7	1.591245720187145e-170
3.981071705534969e7	6.199451935114222e-169
4.019450333615128e7	2.3329723597491545e-167
4.058198942243799e7	8.483000010398419e-166
4.097321098135413e7	2.9813631953275988e-164
4.1368204023885116e7	1.0130863510019046e-162
4.176700490817191e7	3.329534211298685e-161
4.2169650342858225e7	1.0586780111749995e-159
4.2576177390469156e7	3.257799420160759e-158
4.298662347082272e7	9.705103558621084e-157
4.34010263644744e7	2.799789947538898e-155
4.381942421619436e7	7.824074140311061e-154
4.424185553847914e7	2.1186256340310057e-152
4.466835921509635e7	5.560572727605789e-151
4.509897450466355e7	1.4150047831140127e-149
4.553374104426248e7	3.492184569750607e-148
4.597269885308718e7	8.361110734983641e-147
4.641588833612782e7	1.942601288467476e-145
4.686335028788954e7	4.38107307863333e-144
4.7315125896148026e7	9.593509055844766e-143
4.777125674574048e7	2.0403117125890609e-141
4.823178482239309e7	4.215589500481639e-140
4.869675251658631e7	8.464132211438903e-139
4.9166202627456404e7	1.651913631091881e-137
4.964017836673511e7	3.134659177508624e-136
5.011872336272725e7	5.785056698430363e-135
5.0601881664326236e7	1.0386143486432442e-133
5.108969774506924e7	1.814447636282027e-132
5.158221650723061e7	3.0852539635479773e-131
5.207948328595465e7	5.107467631125274e-130
5.258154385342927e7	8.233781870205341e-129
5.3088444423098795e7	1.2929504414222634e-127
5.360023165391796e7	1.978162220337264e-126
5.4116952654646374e7	2.9494912859618655e-125
5.46386549881854e7	4.2869082349350856e-124
5.516538667595586e7	6.075174651784407e-123
5.569719620231798e7	8.396446268781341e-122
5.623413251903491e7	1.1320303890316454e-120
5.677624504977816e7	1.4891867532713207e-119
5.732358369467708e7	1.9119232566395664e-118
5.787619883491209e7	2.3961980052521674e-117
5.8434141337351754e7	2.93228170057182e-116
5.8997462559235595e7	3.5044370234329603e-115
5.956621435290109e7	4.09127163383656e-114
6.014044907055618e7	4.6668391146357087e-113
6.072021956909884e7	5.202449312719022e-112
6.130557921498202e7	5.669027229111083e-111
6.18965818891261e7	6.039752266979643e-110
6.249328199187798e7	6.292640930394278e-109
6.3095734448019296e7	6.4127229654702295e-108
6.37039947118217e7	6.393509136120002e-107
6.431811877215091e7	6.237550829516189e-106
6.493816315762113e7	5.956028285940543e-105
6.556418494179785e7	5.5674490160408205e-104
6.619624174845146e7	5.095663489854251e-103
6.6834391756861486e7	4.567489308159877e-102
6.747869370717137e7	4.0102655375960005e-101
6.812920690579608e7	3.4496352239108564e-100
6.878599123088081e7	2.907786507463957e-99
6.944910713781214e7	2.4022887085307587e-98
7.011861566478363e7	1.9455592580083254e-97
7.079457843841374e7	1.544908472896323e-96
7.147705767941861e7	1.2030446322727972e-95
7.216611620833883e7	9.188874159403453e-95
7.286181745132273e7	6.885326901308832e-94
7.356422544596422e7	5.062299962078975e-93
7.427340484719673e7	3.652673338738183e-92
7.498942093324558e7	2.5869694031036363e-91
7.571233961163601e7	1.7987315650134655e-90
7.644222742525995e7	1.2280396781532116e-89
7.717915155850127e7	8.233890124505311e-89
7.79231798434194e7	5.422746278298787e-88
7.867438076599394e7	3.5085628628849147e-87
7.943282347242822e7	2.2305322231561937e-86
8.019857777551351e7	1.3935732613676886e-85
8.097171416105618e7	8.557862005788363e-85
8.175230379436493e7	5.1663799726117155e-84
8.25404185268019e7	3.0666466468724023e-83
8.333613090239559e7	1.790059728247123e-82
8.413951416451947e7	1.0277017415923913e-81
8.49506422626333e7	5.804050471096743e-81
8.576958985908946e7	3.2249862055404864e-80
8.659643233600654e7	1.7632933156431896e-79
8.743124580220732e7	9.488292439212319e-79
8.82741071002246e7	5.0255605128011205e-78
8.91250938133746e7	2.6204713055446404e-77
8.998428427289744e7	1.3453573425031686e-76
9.085175756516862e7	6.801794513382184e-76
9.172759353897804e7	3.3868863458157907e-75
9.261187281287937e7	1.6612387175690806e-74
9.350467678261195e7	8.027498117952063e-74
9.440608762859227e7	3.822143353287007e-73
9.531618832347882e7	1.7933851751796627e-72
9.623506263980888e7	8.293554275306824e-72
9.716279515771058e7	3.780666824870863e-71
9.809947127268784e7	1.6990894137686662e-70
9.904517720348015e7	7.529100905779034e-70
1.e8	3.290087416642831e-69
1.0096402755134483e8	1.4179699069550286e-68
1.0193734859388717e8	6.02808151748642e-68
1.0292005271944265e8	2.5281361880486707e-67
1.0391223038351668e8	1.0461338082688956e-66
1.0491397291363113e8	4.2716442209964315e-66
1.0592537251772897e8	1.7213892303274158e-65
1.0694652229266451e8	6.846897731668202e-65
1.0797751623277093e8	2.688397051304079e-64
1.0901844923851268e8	1.0421526323643253e-63
1.100694171252208e8	3.988968689565566e-63
1.1113051663191305e8	1.5077655753597855e-62
1.1220184543019652e8	5.628633037355239e-62
1.1328350213326095e8	2.075484445066869e-61
1.1437558630495389e8	7.560221016016326e-61
1.1547819846894582e8	2.7208117853300774e-60
1.165914401179831e8	9.675235864986727e-60
1.1771541372323017e8	3.3999556288743944e-59
1.1885022274370165e8	1.1808171825819347e-58
1.1999597163578562e8	4.053577072205679e-58
1.2115276586285901e8	1.3755890969654663e-57
1.2232071190499325e8	4.6151012827540814e-57
1.2349991726875852e8	1.530957782066431e-56
1.2469049049711742e8	5.02205485525884e-56
1.2589254117941661e8	1.6292296049880745e-55
1.2710617996147431e8	5.2277118078528716e-55
1.2833151855576539e8	1.65926192244499e-54
1.2956866975170216e8	5.209994262945367e-54
1.3081774742601955e8	1.6185388408056542e-53
1.3207886655325507e8	4.975271157848654e-53
1.333521432163324e8	1.5134283889612072e-52
1.3463769461724666e8	4.556189851022244e-52
1.3593563908785242e8	1.3576238909400092e-51
1.3724609610075596e8	4.0043990727008686e-51
1.3856918628031245e8	1.1692773651235048e-50
1.3990503141372958e8	3.3803504715422324e-50
1.4125375446227553e8	9.676341791067715e-50
1.4261547957260084e8	2.7428802331789556e-49
1.4399033208816326e8	7.699972284737864e-49
1.4537843856076607e8	2.1409092692460596e-48
1.4677992676220676e8	5.89622261335472e-48
1.4819492569603878e8	1.6086269323038928e-47
1.4962356560944358e8	4.3479207600253086e-47
1.5106597800522313e8	1.1643708405981326e-46
1.5252229565390196e8	3.0897451562042214e-46
1.539926526059492e8	8.124815266360435e-46
1.5547718420411727e8	2.117392254892312e-45
1.569760270959001e8	5.469193248663977e-45
1.584893192461111e8	1.4002839780675786e-44
1.6001719994958246e8	3.553990782690216e-44
1.615598098439876e8	8.942519108408189e-44
1.6311729092278397e8	2.230912762827524e-43
1.6468978654828689e8	5.51848437422598e-43
1.6627744146486336e8	1.3536506960218565e-42
1.678804018122559e8	3.2928934602133756e-42
1.6949881513903442e8	7.944515199664067e-42
1.7113283041617846e8	1.9011212667605805e-41
1.727825980507866e8	4.5127228196763677e-41
1.744482698999256e8	1.0626428239117753e-40
1.7612999928460523e8	2.4824977274845652e-40
1.7782794100389227e8	5.754082106217716e-40
1.7954225134915903e8	1.32337017341529e-39
1.812730881184697e8	3.020208000828434e-39
1.830206106311053e8	6.840288391864163e-39
1.847849797422287e8	1.5375368561302217e-38
1.865663578576915e8	3.430215745084067e-38
1.883649089489802e8	7.596141213254766e-38
1.9018079856831396e8	1.669824900842471e-37
1.920141938638801e8	3.644059578220325e-37
1.9386526359522057e8	7.895264212894837e-37
1.9573417814876577e8	1.698416785826725e-36
1.9762110955351904e8	3.627836792260258e-36
1.9952623149688828e8	7.694957822859838e-36
2.0144971934067833e8	1.6208718285187879e-35
2.033917501372293e8	3.390811491268566e-35
2.053525026457146e8	7.045300137356726e-35
2.073321573485954e8	1.4539996404370873e-34
2.0933089646823347e8	2.9807519851145734e-34
2.1134890398366433e8	6.070320978690527e-34
2.1338636564753217e8	1.2281431887986603e-33
2.1544346900318867e8	2.468680503487897e-33
2.1752040340195245e8	4.930444174207736e-33
2.1961736002054366e8	9.784507322028791e-33
2.2173453187867785e8	1.9295225794417804e-32
2.238721138568338e8	3.7813312866765957e-32
2.260303027141917e8	7.364601901723927e-32
2.2820929710674554e8	1.4255714342764624e-31
2.3040929760558495e8	2.7427680658243e-31
2.3263050671536288e8	5.245351093368433e-31
2.3487312889293203e8	9.971722066484091e-31
2.3713737056616554e8	1.8845184739405647e-30
2.3942344015295804e8	3.5407032927978506e-30
2.4173154808041012e8	6.613960674325194e-30
2.4406190680419764e8	1.2284017415913731e-29
2.4641473082812762e8	2.2685562605140857e-29
2.48790236723884e8	4.1659336318777114e-29
2.511886431509582e8	7.607674481282103e-29
2.536101708767827e8	1.3816281577854559e-28
2.5605504279704756e8	2.495472477345649e-28
2.5852348395621887e8	4.482901578869564e-28
2.610157215682533e8	8.01000291081267e-28
2.6353198503751385e8	1.4236237268182536e-27
2.660725059798814e8	2.516915560975871e-27
2.686375182440811e8	4.426643610589813e-27
2.71227257933203e8	7.745230474551526e-27
2.738419634264361e8	1.3482461570610167e-26
2.764818754010106e8	2.3350709083922047e-26
2.7914723685435116e8	4.023905446437428e-26
2.8183829312644494e8	6.899741926502705e-26
2.8455529192242384e8	1.1772689437972444e-25
2.8729848333536685e8	1.99892484701609e-25
2.900681198693156e8	3.3776540499909563e-25
2.9286445646252376e8	5.680042355614896e-25
2.9568775051091874e8	9.50660149402849e-25
2.985382618917957e8	1.5836372845993563e-24
3.014162529877386e8	2.625802641029073e-24
3.043219887107729e8	4.3337455758806945e-24
3.072557365267452e8	7.119976490053028e-24
3.102177664799504e8	1.1644643404613547e-23
3.132083512179837e8	1.8959409244594155e-23
3.1622776601683795e8	3.073213209882387e-23
3.1927628880624247e8	4.959615370558501e-23
3.223542001952459e8	7.96908900451519e-23
3.254617834980453e8	1.2749481328086154e-22
3.285993247600647e8	2.0310337106504489e-22
3.3176711278428614e8	3.221810310044992e-22
3.349654391578279e8	5.089302925204919e-22
3.3819459827879256e8	8.005883201082571e-22
3.414548873833601e8	1.25420856428597e-21
3.447466065731491e8	1.9568459039210403e-21
3.480700588428406e8	3.0407903365916988e-21
3.514255501080691e8	4.706258536217125e-21
3.5481338923357606e8	7.255057505706286e-21
3.582338880616481e8	1.1140325328610162e-20
3.616873614408161e8	1.703973501839322e-20
3.651741272548377e8	2.5962804991196965e-20
3.6869450645195735e8	3.940759326646833e-20
3.72248823074449e8	5.958861736234985e-20
3.7583740428844357e8	8.976710654969112e-20
3.7946058041404337e8	1.3472771726705714e-19
3.831186849557293e8	2.0146408123004065e-19
3.8681205463305247e8	3.001609996614864e-19
3.905410294116381e8	4.455964586196885e-19
3.94305952534472e8	6.591356017199172e-19
3.981071705534969e8	9.715563370471638e-19
4.0194503336151195e8	1.4270390832650006e-18
4.0581989422438073e8	2.0887802803264163e-18
4.097321098135422e8	3.0468627445290713e-18
4.1368204023885113e8	4.429251780710674e-18
4.1767004908171904e8	6.4171054774452094e-18
4.2169650342858225e8	9.266018983080995e-18
4.257617739046915e8	1.3335402936282901e-17
4.298662347082272e8	1.912897439667637e-17
4.3401026364474314e8	2.7350378458371833e-17
4.381942421619427e8	3.89793435492765e-17
4.424185553847923e8	5.537561154055688e-17
4.466835921509635e8	7.842031556060964e-17
4.509897450466355e8	1.1070768506732233e-16
4.5533741044262487e8	1.558041725585341e-16
4.597269885308718e8	2.1859761857106838e-16
4.641588833612773e8	3.057662840418981e-16
4.6863350287889636e8	4.264069695212686e-16
4.731512589614813e8	5.928736290237159e-16
4.777125674574048e8	8.2189365770078e-16
4.823178482239309e8	1.1360493785956553e-15
4.869675251658631e8	1.5657384228577906e-15
4.916620262745641e8	2.151760256837621e-15
4.9640178366735107e8	2.94871901929113e-15
5.011872336272715e8	4.029487539114584e-15
5.060188166432613e8	5.4910469524553175e-15
5.108969774506935e8	7.462104503709764e-15
5.158221650723061e8	1.0113003568769523e-14
5.207948328595465e8	1.3668580442751773e-14
5.2581543853429276e8	1.8424799076002668e-14
5.308844442309879e8	2.4770216416378905e-14
5.360023165391785e8	3.321360796020616e-14
5.411695265464648e8	4.441942850859028e-14
5.463865498818551e8	5.925321276527845e-14
5.516538667595586e8	7.883955346915057e-14
5.569719620231798e8	1.046359544384442e-13
5.623413251903491e8	1.3852667024275948e-13
5.677624504977816e8	1.8294164697099066e-13
5.732358369467708e8	2.410069102896574e-13
5.787619883491197e8	3.1673425629949693e-13
5.843414133735163e8	4.152599457194678e-13
5.899746255923572e8	5.431443519780138e-13
5.956621435290109e8	7.087472513492116e-13
6.014044907055618e8	9.226967662427871e-13
6.072021956909884e8	1.1984739970712416e-12
6.130557921498202e8	1.5531402407493774e-12
6.189658188912597e8	2.008239556260459e-12
6.249328199187812e8	2.5909164896900847e-12
6.309573444801943e8	3.335297235393405e-12
6.37039947118217e8	4.284192647222377e-12
6.431811877215091e8	5.4911936284052395e-12
6.493816315762113e8	7.0232438754774356e-12
6.556418494179785e8	8.963792142902767e-12
6.619624174845146e8	1.1416646608928645e-11
6.683439175686135e8	1.4510678113120748e-11
6.747869370717123e8	1.8405547640731594e-11
6.812920690579622e8	2.329866718433844e-11
6.878599123088082e8	2.943364286445754e-11
6.944910713781214e8	3.711049590741916e-11
7.011861566478363e8	4.6698011868950946e-11
7.079457843841373e8	5.864863262064988e-11
7.147705767941846e8	7.351638052308176e-11
7.216611620833898e8	9.19783915282257e-11
7.286181745132289e8	1.1486073553649048e-10
7.356422544596422e8	1.4316932027129363e-10
7.427340484719672e8	1.7812681158354163e-10
7.498942093324559e8	2.2121666110939892e-10
7.571233961163601e8	2.74235514546471e-10
7.644222742525994e8	3.393554838073011e-10
7.717915155850111e8	4.191980076569203e-10
7.792317984341924e8	5.16921302260609e-10
7.86743807659941e8	6.363237199235499e-10
7.943282347242821e8	7.819656962426514e-10
8.019857777551352e8	9.59313378477456e-10
8.097171416105617e8	1.1749074972918362e-9
8.175230379436493e8	1.436561576826029e-9
8.254041852680173e8	1.7535941816394938e-9
8.333613090239576e8	2.137100581387332e-9
8.413951416451964e8	2.6002699837941224e-9
8.49506422626333e8	3.158755352919623e-9
8.576958985908946e8	3.831123981625863e-9
8.659643233600653e8	4.639256648361087e-9
8.743124580220731e8	5.6091294120232355e-9
8.82741071002246e8	6.771283452799001e-9
8.912509381337441e8	8.16170239207689e-9
8.998428427289726e8	9.822688201623502e-9
9.08517575651688e8	1.1803893683268082e-8
9.172759353897803e8	1.4163510136327171e-8
9.261187281287937e8	1.6969631288515668e-8
9.350467678261195e8	2.0301817076607877e-8
9.440608762859226e8	2.4252883621608973e-8
9.531618832347863e8	2.8930948767255893e-8
9.623506263980907e8	3.4461765858503205e-8
9.716279515771078e8	4.09913820467526e-8
9.809947127268784e8	4.86891613399039e-8
9.904517720348015e8	5.7751216886733634e-8
1.e9	6.840430161620943e-8
1.0096402755134482e9	8.091021136221647e-8
1.0193734859388716e9	9.557076001240532e-8
1.0292005271944265e9	1.1273339204584302e-7
1.0391223038351669e9	1.3279750409035414e-7
1.0491397291363113e9	1.5622155382939608e-7
1.0592537251772897e9	1.8353104184510946e-7
1.0694652229266452e9	2.1532745957662284e-7
1.0797751623277094e9	2.5229830487668814e-7
1.0901844923851268e9	2.952282753362764e-7
1.100694171252208e9	3.4501175886532316e-7
1.1113051663191304e9	4.0266675089501663e-7
1.1220184543019652e9	4.6935033804937176e-7
1.1328350213326094e9	5.46375899245886e-7
1.1437558630495389e9	6.352321869530632e-7
1.1547819846894581e9	7.376044637916438e-7
1.165914401179831e9	8.553978828500175e-7
1.1771541372323017e9	9.907633140359237e-7
1.1885022274370165e9	1.146125833554271e-6
1.1999597163578563e9	1.3242161092407827e-6
1.21152765862859e9	1.5281049310587881e-6
1.2232071190499325e9	1.7612411536592316e-6
1.234999172687585e9	2.0274933366150446e-6
1.246904904971174e9	2.331195387754964e-6
1.258925411794166e9	2.6771965365235702e-6
1.2710617996147432e9	3.0709159865686927e-6
1.283315185557654e9	3.5184024028045247e-6
1.2956866975170217e9	4.026400163840709e-6
1.3081774742601955e9	4.602418214871446e-6
1.3207886655325506e9	5.254809634717543e-6
1.333521432163324e9	5.992854753549273e-6
1.3463769461724665e9	6.826852941845106e-6
1.359356390878524e9	7.768222106156313e-6
1.3724609610075598e9	8.829606719673555e-6
1.3856918628031244e9	0.000010024995458184073
1.3990503141372957e9	0.000011369849998832066
1.4125375446227555e9	0.000012881237062821356
1.4261547957260084e9	0.000014577981389014585
1.4399033208816326e9	0.000016480831593515744
1.4537843856076605e9	0.000018612623339902858
1.4677992676220675e9	0.00002099848889471657
1.481949256960388e9	0.00002366602912911479
1.496235656094436e9	0.000026645599799999222
1.510659780052231e9	0.00002997044528053292
1.5252229565390198e9	0.000033677067377892466
1.5399265260594919e9	0.00003780543942223725
1.5547718420411727e9	0.00004239933534597001
1.569760270959001e9	0.00004750665909566301
1.5848931924611108e9	0.000053179745229130725
1.6001719994958246e9	0.00005947596438868471
1.615598098439876e9	0.00006645772086780165
1.6311729092278397e9	0.0000741933205567547
1.646897865482869e9	0.00008275724909211242
1.6627744146486335e9	0.00009223072550575273
1.6788040181225588e9	0.00010270240461933128
1.6949881513903444e9	0.00011426875284306623
1.7113283041617844e9	0.00012703495309947076
1.7278259805078661e9	0.00014111553836779387
1.744482698999256e9	0.00015663514596688915
1.7612999928460524e9	0.00017372973276427768
1.7782794100389228e9	0.00019254678987952586
1.7954225134915903e9	0.00021324707281727425
1.812730881184697e9	0.0002360054529500346
1.830206106311053e9	0.00026101209344890495
1.847849797422287e9	0.00028847371273594305
1.8656635785769148e9	0.0003186151536026144
1.8836490894898021e9	0.00035168091585156136
1.9018079856831396e9	0.0003879368129182144
1.920141938638801e9	0.00042767165567859347
1.9386526359522057e9	0.00047119949369438187
1.9573417814876575e9	0.0005188619785847221
1.9762110955351903e9	0.0005710298808594976
1.9952623149688828e9	0.0006281065178415131
2.0144971934067833e9	0.0006905306976357085
2.033917501372293e9	0.0007587784151014768
2.0535250264571462e9	0.0008333675976923182
2.073321573485954e9	0.0009148614428403516
2.0933089646823347e9	0.0010038711573518548
2.1134890398366432e9	0.001101061754134019
2.1338636564753218e9	0.0012071557147373196
2.1544346900318866e9	0.0013229374758234836
2.1752040340195246e9	0.0014492616762655087
2.1961736002054367e9	0.001587053667227741
2.2173453187867785e9	0.0017373214780127405
2.238721138568338e9	0.0019011590941256633
2.260303027141917e9	0.0020797531338313277
2.2820929710674553e9	0.0022744008536622986
2.3040929760558496e9	0.002486498494797162
2.326305067153629e9	0.0027175711560923203
2.3487312889293203e9	0.002969272345886052
2.3713737056616554e9	0.003243397179134064
2.39423440152958e9	0.003541894503271669
2.4173154808041015e9	0.003866877034849998
2.4406190680419765e9	0.004220644218432063
2.464147308281276e9	0.004605679966662342
2.4879023672388396e9	0.005024687598528935
2.511886431509582e9	0.00548059158851849
2.536101708767827e9	0.005976569292501014
2.5605504279704757e9	0.006516056873351027
2.5852348395621886e9	0.00710278297030239
2.6101572156825333e9	0.007740783318231021
2.6353198503751383e9	0.008434432007978504
2.660725059798814e9	0.009188459275917186
2.6863751824408107e9	0.010007988844415583
2.71227257933203e9	0.01089856132696868
2.7384196342643614e9	0.011866174307682989
2.7648187540101056e9	0.012917305076717936
2.791472368543512e9	0.014058962614841174
2.818382931264449e9	0.015298712160204323
2.8455529192242384e9	0.016644740833236922
2.8729848333536687e9	0.0181058649307401
2.9006811986931562e9	0.019691632073200693
2.9286445646252375e9	0.021412310420251605
2.956877505109187e9	0.02327901135389249
2.9853826189179573e9	0.025303686971932783
3.014162529877386e9	0.02749923856470335
3.0432198871077285e9	0.029879561757049988
3.072557365267452e9	0.03245962426624497
3.1021776647995043e9	0.035255556025800515
3.132083512179837e9	0.03828469159768822
3.1622776601683793e9	0.0415657254576148
3.1927628880624247e9	0.0451187204355787
3.2235420019524593e9	0.04896528674388122
3.2546178349804535e9	0.053128638715870306
3.2859932476006474e9	0.05763371254334085
3.3176711278428617e9	0.06250732649418766
3.3496543915782795e9	0.06777823289509657
3.3819459827879257e9	0.07347733926029192
3.4145488738336005e9	0.07963778888685731
3.447466065731491e9	0.08629511978651921
3.480700588428406e9	0.09348751721013092
3.5142555010806913e9	0.10125580918597134
3.5481338923357606e9	0.10964382484659965
3.5823388806164804e9	0.1186985172745944
3.616873614408161e9	0.1284701296156047
3.651741272548377e9	0.13901250611025145
3.686945064519573e9	0.15038324607653455
3.72248823074449e9	0.1626439648494356
3.7583740428844357e9	0.1758606863279347
3.794605804140434e9	0.19010384696588975
3.831186849557293e9	0.20544882648887003
3.868120546330525e9	0.221976271919921
3.905410294116381e9	0.23977218620030816
3.94305952534472e9	0.2589285087294697
3.9810717055349693e9	0.2795435479466665
4.0194503336151195e9	0.3017220059423545
4.0581989422438073e9	0.32557576968970214
4.0973210981354218e9	0.3512242913719971
4.136820402388511e9	0.37879482241537443
4.17670049081719e9	0.4084230984415417
4.2169650342858224e9	0.4402541684260386
4.2576177390469155e9	0.4744420977436974
4.298662347082273e9	0.51115139854913
4.340102636447432e9	0.5505573429863209
4.381942421619428e9	0.5928465108623203
4.424185553847923e9	0.6382176201081154
4.466835921509635e9	0.6868822922565022
4.509897450466355e9	0.7390657726425323
4.553374104426249e9	0.7950076564180698
4.597269885308718e9	0.8549628953623386
4.641588833612773e9	0.9192029516759627
4.686335028788963e9	0.9880160713859182
4.731512589614813e9	1.0617090019195543
4.777125674574048e9	1.1406078699499955
4.823178482239309e9	1.2250592459740886
4.869675251658631e9	1.3154313059101177
4.916620262745641e9	1.4121152862295459
4.964017836673511e9	1.5155269496012362
5.011872336272715e9	1.6261075460363847
5.060188166432613e9	1.744325761999684
5.108969774506935e9	1.8706790067279784
5.158221650723061e9	2.0056960783985804
5.207948328595465e9	2.149936884071804
5.258154385342927e9	2.3039963681276867
5.308844442309879e9	2.468505504244552
5.360023165391785e9	2.6441339088296574
5.411695265464648e9	2.8315912172790974
5.463865498818551e9	3.031630257723954
5.516538667595586e9	3.2450488558325468
5.569719620231798e9	3.472694200305845
5.623413251903491e9	3.7154620060586874
5.677624504977817e9	3.97430295980027
5.732358369467708e9	4.250224058512974
5.787619883491197e9	4.544292480819183
5.843414133735163e9	4.857638235026805
5.899746255923572e9	5.191458387770467
5.95662143529011e9	5.547020616470951
6.014044907055617e9	5.925667336434752
6.0720219569098835e9	6.328820095624466
6.130557921498202e9	6.757982972942831
6.189658188912597e9	7.214748549769304
6.249328199187811e9	7.700802147153395
6.309573444801943e9	8.21792754347458
6.37039947118217e9	8.768011622863668
6.431811877215091e9	9.353050779901194
6.493816315762114e9	9.975156896477914
6.556418494179785e9	10.636563410107028
6.619624174845145e9	11.339633956390037
6.683439175686135e9	12.086865670559883
6.747869370717123e9	12.880900232417611
6.812920690579622e9	13.724530402137729
6.878599123088081e9	14.620708327898106
6.944910713781214e9	15.572555185466578
7.011861566478363e9	16.58336881043409
7.079457843841373e9	17.656634829949386
7.147705767941846e9	18.796036528945493
7.216611620833899e9	20.00546552030769
7.286181745132289e9	21.289033765230126
7.356422544596421e9	22.651085233565684
7.427340484719672e9	24.09620734327978
7.498942093324558e9	25.62924632421052
7.571233961163601e9	27.255320157476064
7.644222742525994e9	28.979833301617493
7.717915155850112e9	30.808493583661782
7.792317984341925e9	32.747325935664335
7.86743807659941e9	34.80269193325705
7.943282347242822e9	36.98130723790314
8.019857777551352e9	39.29026061457814
8.097171416105618e9	41.73703358036684
8.175230379436493e9	44.32952539908353
8.254041852680173e9	47.07606758438334
8.333613090239576e9	49.98545442596041
8.413951416451964e9	53.06696517140827
8.4950642262633295e9	56.33039006652363
8.576958985908946e9	59.786057705211284
8.659643233600653e9	63.44486467380518
8.743124580220732e9	67.31830483554269
8.82741071002246e9	71.4185010884131
8.91250938133744e9	75.75824019116291
8.998428427289726e9	80.35100733289099
9.08517575651688e9	85.21102336183611
9.172759353897804e9	90.3532832910113
9.261187281287937e9	95.7936024503528
9.350467678261196e9	101.54864974322395
9.440608762859226e9	107.63600186343159
9.531618832347862e9	114.07418864803157
9.623506263980907e9	120.88274325440649
9.716279515771078e9	128.0822553314506
9.809947127268784e9	135.69442666961436
9.904517720348015e9	143.74213162186157
1.e10	152.2494760884417
1.0096402755134481e10	161.24186370283667
1.0193734859388716e10	170.74606514385067
1.0292005271944265e10	180.79028912356574
1.039122303835167e10	191.40425808262864
1.0491397291363113e10	202.61928761388853
1.0592537251772898e10	214.46836856778773
1.069465222926645e10	226.9862659835778
1.0797751623277094e10	240.20958853524027
1.0901844923851267e10	254.17690715812302
1.1006941712522081e10	268.92884894243025
1.1113051663191305e10	284.50820522015243
1.1220184543019653e10	300.9600447678855
1.1328350213326096e10	318.33183267189645
1.1437558630495388e10	336.67355503956713
1.1547819846894583e10	356.03785259010465
1.1659144011798311e10	376.4801557054321
1.1771541372323017e10	398.0588296642
1.1885022274370165e10	420.83533024468494
1.1999597163578562e10	444.8743623516009
1.21152765862859e10	470.2440489530602
1.2232071190499325e10	497.0161084533496
1.234999172687585e10	525.2660410479834
1.246904904971174e10	555.0733240917812
1.2589254117941662e10	586.5216224749977
1.2710617996147432e10	619.6990007650652
1.2833151855576538e10	654.6981456434708
1.2956866975170216e10	691.6166163300419
1.3081774742601955e10	730.5570898471576
1.3207886655325506e10	771.6276258764616
1.333521432163324e10	814.9419444906335
1.3463769461724665e10	860.619717943759
1.3593563908785242e10	908.7868772446734
1.3724609610075598e10	959.5759339165508
1.3856918628031244e10	1013.1263223028894
1.3990503141372957e10	1069.5847501442956
1.4125375446227554e10	1129.1055722954777
1.4261547957260084e10	1191.8511887427212
1.4399033208816326e10	1257.9924541478465
1.4537843856076607e10	1327.7091119494028
1.4677992676220675e10	1401.1902501327725
1.4819492569603878e10	1478.6347800400376
1.4962356560944359e10	1560.2519393842063
1.5106597800522312e10	1646.2618205886024
1.5252229565390198e10	1736.8959247276978
1.539926526059492e10	1832.397755429031
1.5547718420411726e10	1933.0234157714042
1.569760270959001e10	2039.042254042264
1.5848931924611109e10	2150.7375522682123
1.6001719994958244e10	2268.4072284762265
1.6155980984398762e10	2392.3645839433266
1.6311729092278397e10	2522.939087297654
1.646897865482869e10	2660.477198044705
1.6627744146486336e10	2805.3432315629598
1.678804018122559e10	2957.920267647858
1.6949881513903442e10	3118.6111047408885
1.7113283041617846e10	3287.8392618145813
1.7278259805078663e10	3466.0500326711453
1.7444826989992558e10	3653.7115987692546
1.7612999928460526e10	3851.316165245119
1.778279410038923e10	4059.3812092418234
1.79542251349159e10	4278.450747763316
1.812730881184697e10	4509.096684401046
1.830206106311053e10	4751.9202222275035
1.847849797422287e10	5007.553347455784
1.865663578576915e10	5276.660387474291
1.883649089489802e10	5559.9396469679405
1.9018079856831398e10	5858.125126004839
1.9201419386388012e10	6171.988324129613
1.9386526359522057e10	6502.3401346033115
1.9573417814876575e10	6850.032832185468
1.9762110955351902e10	7215.96217083055
1.9952623149688828e10	7601.069581302721
2.0144971934067833e10	8006.344427476556
2.033917501372293e10	8432.82648541793
2.053525026457146e10	8881.608453350025
2.073321573485954e10	9353.838620490837
2.0933089646823345e10	9850.723666178837
2.1134890398366432e10	10373.531598405398
2.1338636564753216e10	10923.594838871733
2.1544346900318867e10	11502.31346186567
2.1752040340195244e10	12111.15859458017
2.1961736002054367e10	12751.675986865446
2.2173453187867786e10	13425.489758784284
2.2387211385683376e10	14134.306334744282
2.260303027141917e10	14879.918573339157
2.2820929710674557e10	15664.210101907684
2.3040929760558495e10	16489.159871534965
2.3263050671536285e10	17356.846946903544
2.34873128892932e10	18269.45547236712
2.3713737056616554e10	19229.279992746535
2.3942344015295803e10	20238.730953152866
2.417315480804101e10	21300.340501939758
2.440619068041976e10	22416.768578955038
2.4641473082812763e10	23590.809305678187
2.4879023672388397e10	24825.397692293154
2.511886431509582e10	26123.61667733625
2.536101708767827e10	27488.70451630908
2.5605504279704754e10	28924.062536423073
2.5852348395621887e10	30433.263275498455
2.6101572156825333e10	32020.05902390483
2.6353198503751385e10	33688.39078935606
2.660725059798814e10	35442.39770531824
2.6863751824408104e10	37286.42690477689
2.7122725793320297e10	39225.04388193928
2.7384196342643612e10	41263.043363827914
2.764818754010106e10	43405.46073373668
2.791472368543512e10	45657.584046547294
2.8183829312644493e10	48024.96644203884
2.8455529192242382e10	50513.43951032505
2.8729848333536686e10	53129.127049785755
2.900681198693156e10	55878.45959767482
2.9286445646252373e10	58768.18966885928
2.9568775051091873e10	61805.40774525234
2.9853826189179573e10	64997.55905326469
3.0141625298773857e10	68352.46116794644
3.0432198871077286e10	71878.3224843019
3.072557365267452e10	75583.76159819846
3.1021776647995045e10	79477.82764137826
3.132083512179837e10	83570.02161718527
3.1622776601683792e10	87870.31878593544
3.192762888062425e10	92389.19215120116
3.2235420019524593e10	97137.63710077463
3.2546178349804535e10	102127.19725868339
3.2859932476006474e10	107369.99160735896
3.3176711278428616e10	112878.74294191434
3.3496543915782795e10	118666.80772145487
3.3819459827879257e10	124748.20738541834
3.4145488738336006e10	131137.66120540124
3.447466065731491e10	137850.6207109271
3.480700588428406e10	144903.30609039016
3.5142555010806915e10	152312.7435949302
3.5481338923357605e10	160096.80584202756
3.58233888061648e10	168274.25331060612
3.616873614408161e10	176864.77815782846
3.651741272548377e10	185889.05014189082
3.686945064519573e10	195368.76479126883
3.72248823074449e10	205326.6939303401
3.758374042884435e10	215786.73867598848
3.7946058041404335e10	226773.98502519002
3.831186849557293e10	238314.7621593742
3.868120546330525e10	250436.7035973505
3.905410294116381e10	263168.81133505615
3.94305952534472e10	276541.5231168497
3.981071705534969e10	290586.7829902107
4.01945033361512e10	305338.1153029089
4.058198942243807e10	320830.70230940107
4.097321098135422e10	337101.4655611491
4.136820402388512e10	354189.1512641226
4.1767004908171906e10	372134.4197952786
4.216965034285822e10	390979.93957926164
4.2576177390469154e10	410770.4855360981
4.298662347082272e10	431553.04232077225
4.340102636447431e10	453376.9125861886
4.3819424216194275e10	476293.8305120708
4.424185553847923e10	500358.0808539665
4.466835921509635e10	525626.623778516
4.509897450466355e10	552159.2257636664
4.553374104426248e10	580018.5968525225
4.597269885308718e10	609270.5344619213
4.641588833612772e10	639984.0750696036
4.686335028788963e10	672231.6507654621
4.7315125896148125e10	706089.2568235773
4.777125674574048e10	741636.6248914092
4.823178482239309e10	778957.4054874463
4.869675251658631e10	818139.359222634
4.9166202627456406e10	859274.5572792675
4.964017836673511e10	902459.5915949359
5.011872336272715e10	947795.7952180229
5.060188166432613e10	995389.4733230928
5.108969774506934e10	1.0453521453976767e6
5.1582216507230606e10	1.0978007991360866e6
5.207948328595465e10	1.1528581566017666e6
5.2581543853429276e10	1.2106529532456205e6
5.308844442309879e10	1.2713202303963534e6
5.360023165391785e10	1.3350016418676162e6
5.4116952654646484e10	1.4018457753575197e6
5.463865498818551e10	1.4720084893478227e6
5.5165386675955864e10	1.5456532662442024e6
5.569719620231798e10	1.6229515825331362e6
5.6234132519034904e10	1.704083296768487e6
5.677624504977816e10	1.7892370562388606e6
5.732358369467708e10	1.8786107232070768e6
5.787619883491197e10	1.9724118216552152e6
5.843414133735163e10	2.0708580055127463e6
5.899746255923572e10	2.174177549391276e6
5.956621435290109e10	2.282609862897559e6
6.0140449070556175e10	2.396406029647623e6
6.072021956909884e10	2.5158293721562433e6
6.130557921498202e10	2.641156043832839e6
6.189658188912597e10	2.7726756493715867e6
6.249328199187811e10	2.9106918948847535e6
6.3095734448019424e10	3.0555232691906774e6
6.37039947118217e10	3.207503757735685e6
6.431811877215091e10	3.366983590696225e6
6.493816315762113e10	3.5343300268821744e6
6.556418494179785e10	3.7099281751367757e6
6.6196241748451454e10	3.8941818550084117e6
6.683439175686135e10	4.087514498552372e6
6.747869370717123e10	4.290370095207035e6
6.812920690579622e10	4.503214181777856e6
6.878599123088081e10	4.726534879621623e6
6.944910713781213e10	4.960843981717004e6
7.011861566478363e10	5.206678090406041e6
7.079457843841373e10	5.464599810784263e6
7.147705767941846e10	5.735199000094789e6
7.216611620833897e10	6.019094076735025e6
7.286181745132289e10	6.316933391581429e6
7.356422544596422e10	6.629396664515458e6
7.427340484719673e10	6.9571964892188115e6
7.498942093324559e10	7.301079909447373e6
7.571233961163602e10	7.661830070137812e6
7.644222742525995e10	8.0402679468574915e6
7.717915155850111e10	8.437254157269398e6
7.792317984341924e10	8.853690858454237e6
7.86743807659941e10	9.29052373410792e6
7.943282347242822e10	9.748744075817982e6
8.019857777551352e10	1.0229390962817848e7
8.097171416105618e10	1.0733553544816423e7
8.175230379436493e10	1.1262373432714457e7
8.254041852680173e10	1.1817047202239687e7
8.333613090239577e10	1.2398829015762411e7
8.413951416451965e10	1.3009033367793296e7
8.49506422626333e10	1.364903795992199e7
8.576958985908946e10	1.4320286711209467e7
8.659643233600653e10	1.5024292910329815e7
8.743124580220732e10	1.5762642516040213e7
8.827410710022461e10	1.6536997612857515e7
8.91250938133744e10	1.7349100029134933e7
8.998428427289726e10	1.8200775125055864e7
9.085175756516881e10	1.9093935758407068e7
9.172759353897803e10	2.0030586436345354e7
9.261187281287938e10	2.101282766175134e7
9.350467678261195e10	2.2042860483140822e7
9.440608762859225e10	2.312299125752205e7
9.531618832347862e10	2.425563663600214e7
9.623506263980907e10	2.544332878239238e7
9.716279515771077e10	2.6688720835517034e7
9.809947127268784e10	2.7994592626425546e7
9.904517720348015e10	2.9363856662188593e7
1.e11	3.079956438850335e7
1.0096402755134482e11	3.230491274386769e7
1.0193734859388716e11	3.38832510186569e7
1.0292005271944264e11	3.55380880330335e7
1.039122303835167e11	3.727309964823647e7
1.0491397291363069e11	3.909213662644783e7
1.0592537251772897e11	4.0999232855110265e7
1.0694652229266452e11	4.299861395226228e7
1.0797751623277094e11	4.509470627021623e7
1.0901844923851268e11	4.729214631563515e7
1.1006941712522125e11	4.959579060489267e7
1.1113051663191304e11	5.2010725974411614e7
1.1220184543019653e11	5.454228036656283e7
1.1328350213326096e11	5.719603411257866e7
1.1437558630495389e11	5.997783173490856e7
1.1547819846894582e11	6.289379429240936e7
1.1659144011798311e11	6.595033229277473e7
1.1771541372323016e11	6.915415919769382e7
1.1885022274370164e11	7.251230554732282e7
1.1999597163578563e11	7.603213373179828e7
1.2115276586285852e11	7.972135343874963e7
1.2232071190499326e11	8.35880378069935e7
1.2349991726875851e11	8.764064031789176e7
1.2469049049711742e11	9.188801245724843e7
1.2589254117941661e11	9.63394221819764e7
1.2710617996147484e11	1.0100457322727147e8
1.2833151855576538e11	1.0589362529152517e8
1.2956866975170216e11	1.1101721513785891e8
1.3081774742601955e11	1.1638647865270786e8
1.3207886655325507e11	1.2201307390369585e8
1.333521432163324e11	1.2790920524078633e8
1.3463769461724666e11	1.3408764848653494e8
1.3593563908785242e11	1.40561777263218e8
1.3724609610075597e11	1.4734559050647184e8
1.3856918628031244e11	1.5445374121904516e8
1.39905031413729e11	1.619015665135412e8
1.4125375446227554e11	1.6970511900601923e8
1.4261547957260086e11	1.7788119961906737e8
1.4399033208816327e11	1.864473918499908e8
1.4537843856076605e11	1.9542209757229626e8
1.4677992676220737e11	2.0482457443509907e8
1.481949256960388e11	2.1467497492938545e8
1.4962356560944357e11	2.249943871928005e8
1.510659780052231e11	2.3580487762744787e8
1.5252229565390198e11	2.4712953540828073e8
1.539926526059492e11	2.5899251896274638e8
1.5547718420411728e11	2.7141910450559866e8
1.569760270959001e11	2.8443573671608853e8
1.5848931924611108e11	2.980700816483178e8
1.6001719994958246e11	3.1235108196896505e8
1.6155980984398697e11	3.273090146205074e8
1.6311729092278397e11	3.429755510117221e8
1.646897865482869e11	3.593838198413147e8
1.6627744146486334e11	3.765684726646499e8
1.678804018122559e11	3.9456575231767267e8
1.6949881513903513e11	4.134135643166993e8
1.7113283041617847e11	4.331515513570262e8
1.7278259805078662e11	4.538211710382228e8
1.744482698999256e11	4.754657769485924e8
1.7612999928460526e11	4.981307032463612e8
1.7782794100389227e11	5.2186335288024384e8
1.7954225134915903e11	5.467132895972724e8
1.8127308811846967e11	5.727323338912768e8
1.8302061063110532e11	5.999746630509301e8
1.847849797422287e11	6.284969154719378e8
1.8656635785769073e11	6.583582994041073e8
1.883649089489802e11	6.896207063097636e8
1.9018079856831396e11	7.223488290164635e8
1.920141938638801e11	7.566102848532062e8
1.9386526359522058e11	7.924757439658856e8
1.9573417814876657e11	8.300190630144862e8
1.9762110955351904e11	8.693174244613416e8
1.9952623149688828e11	9.10451481666728e8
2.0144971934067834e11	9.535055100153694e8
2.033917501372293e11	9.985675643044506e8
2.053525026457146e11	1.0457296426316469e9
2.073321573485954e11	1.09508785702863e9
2.0933089646823346e11	1.1467426110938077e9
2.1134890398366434e11	1.200798784885409e9
2.1338636564753217e11	1.2573659273443108e9
2.1544346900318777e11	1.3165584565238152e9
2.1752040340195245e11	1.3784958679116473e9
2.1961736002054367e11	1.4433029511378105e9
2.2173453187867786e11	1.5111100153705025e9
2.2387211385683377e11	1.5820531237091274e9
2.2603030271419263e11	1.6562743368938723e9
2.2820929710674554e11	1.7339219666579916e9
2.3040929760558493e11	1.8151508390576448e9
2.3263050671536285e11	1.9001225681228597e9
2.3487312889293204e11	1.9890058401799097e9
2.3713737056616553e11	2.081976709206068e9
2.3942344015295804e11	2.1792189035813055e9
2.4173154808041013e11	2.2809241446145005e9
2.4406190680419763e11	2.38729247722413e9
2.4641473082812762e11	2.498532613163397e9
2.4879023672388297e11	2.614862287186453e9
2.5118864315095822e11	2.7365086265569887e9
2.5361017087678268e11	2.863708534308007e9
2.5605504279704755e11	2.9967090866674848e9
2.5852348395621887e11	3.1357679450656667e9
2.610157215682544e11	3.2811537831504483e9
2.6353198503751385e11	3.4331467292327695e9
2.660725059798814e11	3.5920388245931053e9
2.6863751824408105e11	3.758134498077043e9
2.7122725793320297e11	3.9317510574123063e9
2.7384196342643613e11	4.1132191976731515e9
2.7648187540101056e11	4.30288352732294e9
2.791472368543512e11	4.501103112255354e9
2.8183829312644495e11	4.708252038254171e9
2.845552919224238e11	4.924719992282416e9
2.8729848333536566e11	5.150912863001432e9
2.900681198693156e11	5.387253360912403e9
2.9286445646252374e11	5.634181658496298e9
2.956877505109187e11	5.89215605071236e9
2.985382618917957e11	6.161653636196993e9
3.014162529877398e11	6.443171019484075e9
3.043219887107728e11	6.737225034535378e9
3.072557365267452e11	7.044353489850543e9
3.1021776647995044e11	7.365115935385041e9
3.132083512179837e11	7.700094451464767e9
3.1622776601683795e11	8.049894459853686e9
3.192762888062425e11	8.415145557075109e9
3.223542001952459e11	8.796502370030571e9
3.2546178349804535e11	9.194645433909904e9
3.2859932476006476e11	9.610282092316547e9
3.317671127842848e11	1.0044147419453123e10
3.3496543915782794e11	1.0497005164140913e10
3.3819459827879254e11	1.0969648715346724e10
3.4145488738336005e11	1.1462902088805716e10
3.447466065731491e11	1.1977620934207027e10
3.4807005884284204e11	1.2514693562298817e10
3.5142555010806915e11	1.3075041991138588e10
3.5481338923357605e11	1.365962301056506e10
3.582338880616481e11	1.4269429263830261e10
3.616873614408161e11	1.4905490345139286e10
3.651741272548377e11	1.5568873911670639e10
3.6869450645195734e11	1.6260686808460196e10
3.7224882307444904e11	1.6982076204292082e10
3.7583740428844354e11	1.773423073651383e10
3.794605804140434e11	1.8518381662437733e10
3.831186849557277e11	1.933580401470885e10
3.868120546330525e11	2.018781775769818e10
3.905410294116381e11	2.1075788941690456e10
3.94305952534472e11	2.200113085124882e10
3.9810717055349695e11	2.2965305143741016e10
4.019450333615136e11	2.396982297365823e10
4.0581989422438074e11	2.5016246097829292e10
4.097321098135422e11	2.610618795620126e10
4.1368204023885114e11	2.7241314722330296e10
4.1767004908171906e11	2.8423346317121593e10
4.216965034285823e11	2.965405737878144e10
4.257617739046915e11	3.0935278181334328e10
4.2986623470822723e11	3.2268895493205387e10
4.340102636447431e11	3.3656853366784534e10
4.3819424216194275e11	3.510115384893719e10
4.424185553847905e11	3.660385760164993e10
4.466835921509635e11	3.816708442089109e10
4.509897450466355e11	3.979301364097953e10
4.553374104426248e11	4.1483884410480736e10
4.597269885308718e11	4.324199582443425e10
4.641588833612792e11	4.506970689674462e10
4.6863350287889636e11	4.6969436354822495e10
4.7315125896148126e11	4.894366223740258e10
4.7771256745740485e11	5.099492127476888e10
4.823178482239309e11	5.312580802899616e10
4.869675251658631e11	5.533897376993231e10
4.916620262745641e11	5.763712506086926e10
4.964017836673511e11	6.0023022025739555e10
5.011872336272715e11	6.249947626718917e10
5.060188166432613e11	6.506934840311486e10
5.108969774506914e11	6.773554518606501e10
5.158221650723061e11	7.050101616759193e10
5.207948328595465e11	7.336874986665585e10
5.258154385342927e11	7.634176939792966e10
5.308844442309879e11	7.942312751274297e10
5.3600231653918066e11	8.261590100166356e10
5.4116952654646484e11	8.592318440396606e10
5.463865498818551e11	8.934808296524026e10
5.516538667595586e11	9.289370477989046e10
5.569719620231798e11	9.65631520506734e10
5.623413251903491e11	1.0035951139254366e11
5.677624504977816e11	1.0428584310271895e11
5.732358369467708e11	1.0834516931289912e11
5.787619883491198e11	1.1254046093402394e11
5.843414133735164e11	1.1687462329709557e11
5.899746255923547e11	1.2135048038674796e11
5.95662143529011e11	1.259707575567488e11
6.014044907055618e11	1.3073806260903029e11
6.072021956909884e11	1.3565486510921492e11
6.130557921498202e11	1.4072347380229236e11
6.189658188912622e11	1.4594601198321985e11
6.249328199187811e11	1.5132439066597723e11
6.309573444801943e11	1.5686027938508417e11
6.37039947118217e11	1.625550744500955e11
6.431811877215092e11	1.6840986446270126e11
6.493816315762113e11	1.7442539289222693e11
6.556418494179785e11	1.8060201749063318e11
6.619624174845145e11	1.869396663139119e11
6.683439175686135e11	1.9343779010021164e11
6.747869370717123e11	2.000953107377366e11
6.812920690579595e11	2.0691056553698767e11
6.878599123088081e11	2.1388124700410574e11
6.944910713781215e11	2.2100433778736057e11
7.011861566478363e11	2.282760404526109e11
7.079457843841373e11	2.3569170171279996e11
7.147705767941875e11	2.4324573071807422e11
7.216611620833898e11	2.509315109821652e11
7.286181745132289e11	2.587413054927637e11
7.356422544596421e11	2.6666615452458502e11
7.427340484719673e11	2.746957656407178e11
7.498942093324558e11	2.8281839533132324e11
7.571233961163601e11	2.910207217061518e11
7.644222742525994e11	2.9928770761488306e11
7.717915155850111e11	3.076024535269291e11
7.792317984341924e11	3.159460394637656e11
7.867438076599377e11	3.242973552194302e11
7.943282347242821e11	3.3263291806657e11
8.019857777551353e11	3.40926677081951e11
8.097171416105618e11	3.4914980317337714e11
8.175230379436493e11	3.5727046382755774e11
8.254041852680206e11	3.652535815364669e11
8.333613090239576e11	3.730605747862698e11
8.413951416451964e11	3.806490804228306e11
8.49506422626333e11	3.8797265613488074e11
8.576958985908945e11	3.9498046169794806e11
8.659643233600653e11	4.0161691755496185e11
8.743124580220731e11	4.078213391968528e11
8.827410710022461e11	4.135275457193756e11
8.91250938133744e11	4.186634408224222e11
8.998428427289725e11	4.2315056439684656e11
9.085175756516843e11	4.269036127445182e11
9.172759353897804e11	4.2982992532715674e11
9.261187281287937e11	4.31828935818332e11
9.350467678261195e11	4.327915850784694e11
9.440608762859226e11	4.3259969353941284e11
9.531618832347902e11	4.3112529028659204e11
9.623506263980907e11	4.282298959905039e11
9.716279515771078e11	4.237637566388565e11
9.809947127268784e11	4.1756502480866064e11
9.904517720348015e11	4.0945888504511053e11
1.e12	3.992566196602784e11