1.e7	0.
1.0096402755134482e7	0.
1.0193734859388737e7	0.
1.0292005271944286e7	0.
1.039122303835169e7	0.
1.049139729136309e7	0.
1.0592537251772897e7	0.
1.0694652229266452e7	0.
1.0797751623277094e7	0.
1.0901844923851268e7	0.
1.1006941712522103e7	0.
1.1113051663191281e7	0.
1.122018454301963e7	0.
1.1328350213326072e7	0.
1.1437558630495388e7	0.
1.154781984689458e7	0.
1.1659144011798311e7	0.
1.177154137232304e7	0.
1.188502227437019e7	0.
1.1999597163578587e7	0.
1.2115276586285876e7	0.
1.2232071190499326e7	0.
1.234999172687585e7	0.
1.2469049049711742e7	0.
1.2589254117941663e7	0.
1.2710617996147458e7	0.
1.2833151855576513e7	0.
1.295686697517019e7	0.
1.308177474260193e7	0.
1.3207886655325506e7	0.
1.333521432163324e7	0.
1.3463769461724665e7	0.
1.3593563908785269e7	0.
1.3724609610075625e7	0.
1.3856918628031274e7	0.
1.3990503141372928e7	0.
1.4125375446227554e7	0.
1.4261547957260085e7	0.
1.4399033208816327e7	0.
1.4537843856076606e7	0.
1.4677992676220706e7	0.
1.4819492569603847e7	0.
1.4962356560944328e7	0.
1.510659780052228e7	0.
1.5252229565390198e7	0.
1.539926526059492e7	0.
1.5547718420411726e7	0.
1.5697602709590042e7	0.
1.5848931924611142e7	0.
1.6001719994958278e7	0.
1.6155980984398728e7	0.
1.6311729092278397e7	0.
1.6468978654828688e7	0.
1.6627744146486335e7	0.
1.678804018122559e7	0.
1.6949881513903476e7	0.
1.711328304161781e7	0.
1.7278259805078626e7	0.
1.744482698999252e7	0.
1.7612999928460523e7	0.
1.7782794100389227e7	0.
1.7954225134915903e7	0.
1.8127308811846968e7	0.
1.8302061063110568e7	0.
1.8478497974222906e7	0.
1.865663578576911e7	0.
1.883649089489802e7	0.
1.9018079856831398e7	0.
1.920141938638801e7	0.
1.9386526359522056e7	0.
1.9573417814876616e7	0.
1.9762110955351863e7	0.
1.9952623149688788e7	0.
2.0144971934067793e7	0.
2.033917501372293e7	0.
2.053525026457146e7	0.
2.073321573485954e7	0.
2.0933089646823347e7	0.
2.1134890398366477e7	0.
2.133863656475326e7	0.
2.1544346900318824e7	1.747907053891274e-308
2.1752040340195246e7	1.4125389409576786e-305
2.1961736002054367e7	1.0512825685786621e-302
2.2173453187867787e7	7.347584108818616e-300
2.2387211385683376e7	4.825504827061948e-297
2.2603030271419216e7	2.9797025637083822e-294
2.282092971067451e7	1.7309774707902267e-291
2.3040929760558445e7	9.465686968803093e-289
2.3263050671536237e7	4.87535787610326e-286
2.34873128892932e7	2.36648349625936e-283
2.3713737056616552e7	1.0831525755371333e-280
2.3942344015295804e7	4.677449816311766e-278
2.4173154808041014e7	1.9067939922763103e-275
2.4406190680419814e7	7.341976630092885e-273
2.4641473082812812e7	2.6716153238971123e-270
2.4879023672388345e7	9.192240452325336e-268
2.5118864315095823e7	2.992181164942069e-265
2.536101708767827e7	9.219422730972293e-263
2.5605504279704753e7	2.6902766866203687e-260
2.5852348395621885e7	7.438637031546262e-258
2.6101572156825386e7	1.949919216946638e-255
2.635319850375133e7	4.8482852369083564e-253
2.6607250597988084e7	1.1440033774210832e-250
2.686375182440805e7	2.5630154944538493e-248
2.71227257933203e7	5.454751994291186e-246
2.738419634264361e7	1.1033457480000892e-243
2.764818754010106e7	2.1221300641248878e-241
2.791472368543512e7	3.882978622307383e-239
2.818382931264455e7	6.762347397535558e-237
2.845552919224244e7	1.1214354357742902e-234
2.872984833353663e7	1.7717328977014374e-232
2.900681198693156e7	2.6679045831593334e-230
2.928644564625237e7	3.830798902225833e-228
2.9568775051091872e7	5.247500094774916e-226
2.9853826189179573e7	6.860483304545313e-224
3.0141625298773922e7	8.56425034651805e-222
3.043219887107722e7	1.02128685812408e-219
3.0725573652674455e7	1.1639099843665972e-217
3.102177664799498e7	1.268212379166628e-215
3.132083512179837e7	1.3217563289453803e-213
3.162277660168379e7	1.3182012055187613e-211
3.192762888062425e7	1.258534745823727e-209
3.2235420019524593e7	1.1507539209434426e-207
3.2546178349804603e7	1.0081200982949176e-205
3.285993247600654e7	8.4650928739723e-204
3.3176711278428547e7	6.815790143520753e-202
3.3496543915782794e7	5.264285319237267e-200
3.381945982787926e7	3.901875288360118e-198
3.4145488738336004e7	2.776441204274742e-196
3.447466065731491e7	1.8973762082575263e-194
3.480700588428413e7	1.2457629634145789e-192
3.514255501080684e7	7.861400001654935e-191
3.548133892335753e7	4.769916999689913e-189
3.582338880616481e7	2.783752121341228e-187
3.616873614408161e7	1.5632193427358574e-185
3.651741272548377e7	8.449639296415589e-184
3.686945064519574e7	4.397876779811522e-182
3.72248823074449e7	2.2049097654857035e-180
3.758374042884443e7	1.0652123868207203e-178
3.794605804140442e7	4.9605803318726335e-177
3.831186849557285e7	2.2275705311183832e-175
3.868120546330525e7	9.649026436599828e-174
3.905410294116381e7	4.033086233549515e-172
3.94305952534472e7	1.6272002536949779e-170
3.981071705534969e7	6.339282139031359e-169
4.019450333615128e7	2.3855001541075547e-167
4.058198942243799e7	8.673660848543223e-166
4.097321098135413e7	3.0482530016280197e-164
4.1368204023885116e7	1.0357758591639386e-162
4.176700490817191e7	3.4039724661832816e-161
4.2169650342858225e7	1.0823051519815876e-159
4.2576177390469156e7	3.3303776972707335e-158
4.298662347082272e7	9.920936609969313e-157
4.34010263644744e7	2.8619453784991997e-155
4.381942421619436e7	7.997463641641158e-154
4.424185553847914e7	2.165494083188704e-152
4.466835921509635e7	5.683368290637816e-151
4.509897450466355e7	1.446197849494972e-149
4.553374104426248e7	3.56903291825847e-148
4.597269885308718e7	8.54478091025628e-147
4.641588833612782e7	1.9851999280297116e-145
4.686335028788954e7	4.47697558808413e-144
4.7315125896148026e7	9.803144325695892e-143
4.777125674574048e7	2.0848179304888186e-141
4.823178482239309e7	4.307384631965553e-140
4.869675251658631e7	8.64811650300989e-139
4.9166202627456404e7	1.6877581176588745e-137
4.964017836673511e7	3.202557925593614e-136
5.011872336272725e7	5.910144541184585e-135
5.0601881664326236e7	1.0610323772922958e-133
5.108969774506924e7	1.85354276750089e-132
5.158221650723061e7	3.1516135614191586e-131
5.207948328595465e7	5.217128690780727e-130
5.258154385342927e7	8.410255370534317e-129
5.3088444423098795e7	1.3206131453461458e-127
5.360023165391796e7	2.0204102521567536e-126
5.4116952654646374e7	3.0123727561786016e-125
5.46386549881854e7	4.378140793308625e-124
5.516538667595586e7	6.204235221655544e-123
5.569719620231798e7	8.574503025496061e-122
5.623413251903491e7	1.155993770402772e-120
5.677624504977816e7	1.5206544622557246e-119
5.732358369467708e7	1.9522516746871645e-118
5.787619883491209e7	2.446651002427249e-117
5.8434141337351754e7	2.993911706737798e-116
5.8997462559235595e7	3.5779604425646343e-115
5.956621435290109e7	4.176952781276971e-114
6.014044907055618e7	4.76439823374126e-113
6.072021956909884e7	5.3110092261397e-112
6.130557921498202e7	5.7871096427005674e-111
6.18965818891261e7	6.165329023432524e-110
6.249328199187798e7	6.423238443183754e-109
6.3095734448019296e7	6.545570827009145e-108
6.37039947118217e7	6.52571775951532e-107
6.431811877215091e7	6.366299045210551e-106
6.493816315762113e7	6.0787407513378956e-105
6.556418494179785e7	5.681945229699905e-104
6.619624174845146e7	5.200264687844826e-103
6.6834391756861486e7	4.6610756678791145e-102
6.747869370717137e7	4.0922827976646424e-101
6.812920690579608e7	3.5200559319633733e-100
6.878599123088081e7	2.9670357435266747e-99
6.944910713781214e7	2.4511467847311763e-98
7.011861566478363e7	1.9850544667815382e-97
7.079457843841374e7	1.5762117151526138e-96
7.147705767941861e7	1.2273752265677373e-95
7.216611620833883e7	9.374362002573967e-95
7.286181745132273e7	7.024052819787051e-94
7.356422544596422e7	5.164102478091326e-93
7.427340484719673e7	3.725988994992841e-92
7.498942093324558e7	2.638795687305279e-91
7.571233961163601e7	1.8346978538409043e-90
7.644222742525995e7	1.2525477833858062e-89
7.717915155850127e7	8.397899251139383e-89
7.79231798434194e7	5.530552881614352e-88
7.867438076599394e7	3.578179968023714e-87
7.943282347242822e7	2.274704855867688e-86
8.019857777551351e7	1.4211174580324364e-85
8.097171416105618e7	8.726679916536816e-85
8.175230379436493e7	5.268096121975208e-84
8.25404185268019e7	3.126904685732075e-83
8.333613090239559e7	1.825164310338377e-82
8.413951416451947e7	1.0478160786876641e-81
8.49506422626333e7	5.917423422560044e-81
8.576958985908946e7	3.2878561456413065e-80
8.659643233600654e7	1.797599617841109e-79
8.743124580220732e7	9.672526022880797e-79
8.82741071002246e7	5.122945910548769e-78
8.91250938133746e7	2.6711487290997647e-77
8.998428427289744e7	1.3713227845139168e-76
9.085175756516862e7	6.932803674762839e-76
9.172759353897804e7	3.4519885959019866e-75
9.261187281287937e7	1.6931057587203051e-74
9.350467678261195e7	8.181172443067151e-74
9.440608762859227e7	3.895162464749823e-73
9.531618832347882e7	1.8275759279831602e-72
9.623506263980888e7	8.451343855356327e-72
9.716279515771058e7	3.8524471768931726e-71
9.809947127268784e7	1.7312815611597797e-70
9.904517720348015e7	7.671455122411897e-70
1.e8	3.35216361465686e-69
1.0096402755134483e8	1.4446674977427598e-68
1.0193734859388717e8	6.141339408932805e-68
1.0292005271944265e8	2.5755353879862396e-67
1.0391223038351668e8	1.0657058371741084e-66
1.0491397291363113e8	4.351392001564413e-66
1.0592537251772897e8	1.7534574145742096e-65
1.0694652229266451e8	6.974177010153188e-65
1.0797751623277093e8	2.7382651313466136e-64
1.0901844923851268e8	1.0614422101166186e-63
1.100694171252208e8	4.0626421269397135e-63
1.1113051663191305e8	1.5355524553462297e-62
1.1220184543019652e8	5.7321380245132e-62
1.1328350213326095e8	2.1135670725642135e-61
1.1437558630495389e8	7.698637457164515e-61
1.1547819846894582e8	2.770516102973185e-60
1.165914401179831e8	9.851594305693866e-60
1.1771541372323017e8	3.4617919488854845e-59
1.1885022274370165e8	1.2022453658821823e-58
1.1999597163578562e8	4.126972669559708e-58
1.2115276586285901e8	1.400440204543118e-57
1.2232071190499325e8	4.6982892005596577e-57
1.2349991726875852e8	1.5584912393650245e-56
1.2469049049711742e8	5.112169215289828e-56
1.2589254117941661e8	1.658397584201128e-55
1.2710617996147431e8	5.321089609209147e-55
1.2833151855576539e8	1.6888319240612814e-54
1.2956866975170216e8	5.302629124744373e-54
1.3081774742601955e8	1.6472504506939724e-53
1.3207886655325507e8	5.0633242784489495e-53
1.333521432163324e8	1.5401510560227249e-52
1.3463769461724666e8	4.636451114497212e-52
1.3593563908785242e8	1.381483658663299e-51
1.3724609610075596e8	4.0746097128738606e-51
1.3856918628031245e8	1.1897304218522575e-50
1.3990503141372958e8	3.4393398396793284e-50
1.4125375446227553e8	9.844799449548454e-50
1.4261547957260084e8	2.7905178620197484e-49
1.4399033208816326e8	7.833383502521488e-49
1.4537843856076607e8	2.1779140198801208e-48
1.4677992676220676e8	5.997890837547854e-48
1.4819492569603878e8	1.63629730037994e-47
1.4962356560944358e8	4.422528780810087e-47
1.5106597800522313e8	1.1843021373255612e-46
1.5252229565390196e8	3.142504968407633e-46
1.539926526059492e8	8.263212181163498e-46
1.5547718420411727e8	2.153370711191014e-45
1.569760270959001e8	5.561895162132305e-45
1.584893192461111e8	1.4239596154119671e-44
1.6001719994958246e8	3.613930938079264e-44
1.615598098439876e8	9.092962564926067e-44
1.6311729092278397e8	2.2683499918312787e-43
1.6468978654828689e8	5.61085723668314e-43
1.6627744146486336e8	1.3762518408678922e-42
1.678804018122559e8	3.347733339242161e-42
1.6949881513903442e8	8.076485710687678e-42
1.7113283041617846e8	1.9326209137842248e-41
1.727825980507866e8	4.5873018178512673e-41
1.744482698999256e8	1.0801591426222348e-40
1.7612999928460523e8	2.5233125218714857e-40
1.7782794100389227e8	5.8484389913537795e-40
1.7954225134915903e8	1.3450144561935051e-39
1.812730881184697e8	3.069475273807849e-39
1.830206106311053e8	6.951577166749354e-39
1.847849797422287e8	1.5624858592325162e-38
1.865663578576915e8	3.485728810885471e-38
1.883649089489802e8	7.718746243880546e-38
1.9018079856831396e8	1.6967045139802219e-37
1.920141938638801e8	3.7025614381201375e-37
1.9386526359522057e8	8.021673291743171e-37
1.9573417814876577e8	1.7255360874856906e-36
1.9762110955351904e8	3.685606450955407e-36
1.9952623149688828e8	7.817157850594546e-36
2.0144971934067833e8	1.646541592036381e-35
2.033917501372293e8	3.444364030839021e-35
2.053525026457146e8	7.156262122313419e-35
2.073321573485954e8	1.4768362873426696e-34
2.0933089646823347e8	3.027437504035576e-34
2.1134890398366433e8	6.165130350575921e-34
2.1338636564753217e8	1.2472710671108264e-33
2.1544346900318867e8	2.507020824657405e-33
2.1752040340195245e8	5.00680046293862e-33
2.1961736002054366e8	9.935605921963509e-33
2.2173453187867785e8	1.9592343698149185e-32
2.238721138568338e8	3.839391134641118e-32
2.260303027141917e8	7.477354703350939e-32
2.2820929710674554e8	1.4473339251718111e-31
2.3040929760558495e8	2.7845169495125935e-31
2.3263050671536288e8	5.324959894692805e-31
2.3487312889293203e8	1.0122619537291651e-30
2.3713737056616554e8	1.9129520813309426e-30
2.3942344015295804e8	3.593967482019174e-30
2.4173154808041012e8	6.713161670037867e-30
2.4406190680419764e8	1.2467712637023101e-29
2.4641473082812762e8	2.3023786537589526e-29
2.48790236723884e8	4.227857598320471e-29
2.511886431509582e8	7.720416091678171e-29
2.536101708767827e8	1.402041005384438e-28
2.5605504279704756e8	2.532229428336401e-28
2.5852348395621887e8	4.548730131741338e-28
2.610157215682533e8	8.127263015611127e-28
2.6353198503751385e8	1.4444000825602712e-27
2.660725059798814e8	2.553533454982444e-27
2.686375182440811e8	4.490844908632436e-27
2.71227257933203e8	7.85721088646231e-27
2.738419634264361e8	1.3676777884234357e-26
2.764818754010106e8	2.3686188868071597e-26
2.7914723685435116e8	4.0815335162475875e-26
2.8183829312644494e8	6.998241183619677e-26
2.8455529192242384e8	1.194021586913316e-25
2.8729848333536685e8	2.0272782610357498e-25
2.900681198693156e8	3.425409063210664e-25
2.9286445646252376e8	5.760089145578754e-25
2.9568775051091874e8	9.640137928220518e-25
2.985382618917957e8	1.6058093375779285e-24
3.014162529877386e8	2.6624448380475702e-24
3.043219887107729e8	4.3940217351127876e-24
3.072557365267452e8	7.218676438435507e-24
3.102177664799504e8	1.1805527905245662e-23
3.132083512179837e8	1.9220478587283206e-23
3.1622776601683795e8	3.11538870752034e-23
3.1927628880624247e8	5.027449043810673e-23
3.223542001952459e8	8.07771384953436e-23
3.254617834980453e8	1.2922673988862171e-22
3.285993247600647e8	2.0585293532760452e-22
3.3176711278428614e8	3.265276319344787e-22
3.349654391578279e8	5.157726290493733e-22
3.3819459827879256e8	8.113144971365897e-22
3.414548873833601e8	1.270953685590577e-21
3.447466065731491e8	1.9828805227405533e-21
3.480700588428406e8	3.081103823119556e-21
3.514255501080691e8	4.768431586589131e-21
3.5481338923357606e8	7.350561818774748e-21
3.582338880616481e8	1.128645181869696e-20
3.616873614408161e8	1.7262443159549463e-20
3.651741272548377e8	2.6300916749088593e-20
3.6869450645195735e8	3.9918942038348866e-20
3.72248823074449e8	6.035902841233576e-20
3.7583740428844357e8	9.092346258179315e-20
3.7946058041404337e8	1.3645689533167834e-19
3.831186849557293e8	2.0404029625115788e-19
3.8681205463305247e8	3.0398513953756664e-19
3.905410294116381e8	4.512524611527686e-19
3.94305952534472e8	6.674709615033886e-19
3.981071705534969e8	9.83796654143573e-19
4.0194503336151195e8	1.4449504637100727e-18
4.0581989422438073e8	2.1148987605435324e-18
4.097321098135422e8	3.084817260795704e-18
4.1368204023885113e8	4.484217241316991e-18
4.1767004908171904e8	6.496436153501675e-18
4.2169650342858225e8	9.380130956068022e-18
4.257617739046915e8	1.3498999371449701e-17
4.298662347082272e8	1.9362741122559343e-17
4.3401026364474314e8	2.768332257986336e-17
4.381942421619427e8	3.945200834817021e-17
4.424185553847923e8	5.604448161322609e-17
4.466835921509635e8	7.936383337353336e-17
4.509897450466355e8	1.1203444213778742e-16
4.5533741044262487e8	1.5766402597247178e-16
4.597269885308718e8	2.211967303023755e-16
4.641588833612773e8	3.093874042294256e-16
4.6863350287889636e8	4.31436708148624e-16
4.731512589614813e8	5.998390122585274e-16
4.777125674574048e8	8.315109822948751e-16
4.823178482239309e8	1.1492893069255108e-15
4.869675251658631e8	1.5839124614585668e-15
4.916620262745641e8	2.176635307125162e-15
4.9640178366735107e8	2.982668674189805e-15
5.011872336272715e8	4.075691340844099e-15
5.060188166432613e8	5.553752071392068e-15
5.108969774506935e8	7.546968428703221e-15
5.158221650723061e8	1.0227541642506342e-14
5.207948328595465e8	1.3822748712854023e-14
5.2581543853429276e8	1.8631751310795967e-14
5.308844442309879e8	2.5047284681442253e-14
5.360023165391785e8	3.358356939337716e-14
5.411695265464648e8	4.4912137510730236e-14
5.463865498818551e8	5.990769852815536e-14
5.516538667595586e8	7.970670854833458e-14
5.569719620231798e8	1.0578197211226605e-13
5.623413251903491e8	1.4003742808895782e-13
5.677624504977816e8	1.8492828314591505e-13
5.732358369467708e8	2.436128994665862e-13
5.787619883491197e8	3.201443665847902e-13
5.843414133735163e8	4.197115490828248e-13
5.899746255923572e8	5.489416723531765e-13
5.956621435290109e8	7.162792708170302e-13
6.014044907055618e8	9.324596756385851e-13
6.072021956909884e8	1.2110992789462872e-12
6.130557921498202e8	1.5694297169496593e-12
6.189658188912597e8	2.0292090278399068e-12
6.249328199187812e8	2.6178499533223844e-12
6.309573444801943e8	3.369814089496238e-12
6.37039947118217e8	4.328330816280126e-12
6.431811877215091e8	5.5475121514109024e-12
6.493816315762113e8	7.0949492426233904e-12
6.556418494179785e8	9.054893545312534e-12
6.619624174845146e8	1.1532146314532422e-11
6.683439175686135e8	1.4656804426946776e-11
6.747869370717123e8	1.8590039383701993e-11
6.812920690579622e8	2.3531120370116264e-11
6.878599123088082e8	2.972593231388834e-11
6.944910713781214e8	3.747728696622279e-11
7.011861566478363e8	4.71573802456603e-11
7.079457843841373e8	5.922281370596309e-11
7.147705767941846e8	7.423267346591902e-11
7.216611620833898e8	9.287024791566308e-11
7.286181745132289e8	1.1596906785410716e-10
7.356422544596422e8	1.4454407152034011e-10
7.427340484719672e8	1.7982883462952154e-10
7.498942093324559e8	2.233199646773692e-10
7.571233961163601e8	2.768299424239703e-10
7.644222742525994e8	3.425499049487349e-10
7.717915155850111e8	4.2312410770797014e-10
7.792317984341924e8	5.217380817666013e-10
7.86743807659941e8	6.42222821407165e-10
7.943282347242821e8	7.891777017185252e-10
8.019857777551352e8	9.681152411306705e-10
8.097171416105617e8	1.1856312963353634e-9
8.175230379436493e8	1.449604813358176e-9
8.254041852680173e8	1.769431866076825e-9
8.333613090239576e8	2.1562994002268215e-9
8.413951416451964e8	2.6235048755843897e-9
8.49506422626333e8	3.1868288709719794e-9
8.576958985908946e8	3.864988948834832e-9
8.659643233600653e8	4.680042151962936e-9
8.743124580220731e8	5.658171809020643e-9
8.82741071002246e8	6.830161542489148e-9
8.912509381337441e8	8.232278589255624e-9
8.998428427289726e8	9.90715608590012e-9
9.08517575651688e8	1.19048329260762e-8
9.172759353897803e8	1.4283949853796265e-8
9.261187281287937e8	1.7113123002948487e-8
9.350467678261195e8	2.0472518619290675e-8
9.440608762859226e8	2.4455655476628917e-8
9.531618832347863e8	2.9171464541622353e-8
9.623506263980907e8	3.474663877003995e-8
9.716279515771078e8	4.13283095499955e-8
9.809947127268784e8	4.9087090263854075e-8
9.904517720348015e8	5.8220531739245366e-8
1.e9	6.895703902075025e-8
1.0096402755134482e9	8.156030393670879e-8
1.0193734859388716e9	9.633431338013537e-8
1.0292005271944265e9	1.1362899908863625e-7
1.0391223038351669e9	1.3384660101838623e-7
1.0491397291363113e9	1.5744882315453445e-7
1.0592537251772897e9	1.8496486791064743e-7
1.0694652229266452e9	2.170004429208315e-7
1.0797751623277094e9	2.5424784239723796e-7
1.0901844923851268e9	2.9749721398373487e-7
1.100694171252208e9	3.4764913143430454e-7
1.1113051663191304e9	4.0572860340951876e-7
1.1220184543019652e9	4.729006592637785e-7
1.1328350213326094e9	5.504876639155398e-7
1.1437558630495389e9	6.399885257799606e-7
1.1547819846894581e9	7.430999743348073e-7
1.165914401179831e9	8.617400972211598e-7
1.1771541372323017e9	9.980743408956155e-7
1.1885022274370165e9	1.1545441938003841e-6
1.1999597163578563e9	1.3338987868602017e-6
1.21152765862859e9	1.5392296629183906e-6
1.2232071190499325e9	1.7740089845689119e-6
1.234999172687585e9	2.0421314688331388e-6
1.246904904971174e9	2.347960357257357e-6
1.258925411794166e9	2.6963777518586195e-6
1.2710617996147432e9	3.0928396700113595e-6
1.283315185557654e9	3.5434359778144842e-6
1.2956866975170217e9	4.0549571378982005e-6
1.3081774742601955e9	4.634963611361117e-6
1.3207886655325506e9	5.291866034768293e-6
1.333521432163324e9	6.0350090141128e-6
1.3463769461724665e9	6.874763664461713e-6
1.359356390878524e9	7.822627938851442e-6
1.3724609610075598e9	8.891335583657422e-6
1.3856918628031244e9	0.000010094974837671883
1.3990503141372957e9	0.000011449118474177409
1.4125375446227555e9	0.000012970956214229813
1.4261547957260084e9	0.000014679451986221531
1.4399033208816326e9	0.00001659550509689953
1.4537843856076605e9	0.000018742127008006056
1.4677992676220675e9	0.00002114463271909064
1.481949256960388e9	0.000023830847496422193
1.496235656094436e9	0.00002683133321651939
1.510659780052231e9	0.000030179626721753365
1.5252229565390198e9	0.00003391250668400466
1.5399265260594919e9	0.00003807027564727368
1.5547718420411727e9	0.000042697068045915997
1.569760270959001e9	0.000047841183178682493
1.5848931924611108e9	0.000053555445729621925
1.6001719994958246e9	0.00005989759620346645
1.615598098439876e9	0.0000669307138676147
1.6311729092278397e9	0.00007472367503873464
1.646897865482869e9	0.0000833516498211139
1.6627744146486335e9	0.00009289664069770439
1.6788040181225588e9	0.000103448066695523
1.6949881513903444e9	0.00011510339719623941
1.7113283041617844e9	0.00012796883984260852
1.7278259805078661e9	0.00014216008740383177
1.744482698999256e9	0.00015780312891027368
1.7612999928460524e9	0.0001750351308520097
1.7782794100389228e9	0.00019400539475938428
1.7954225134915903e9	0.0002148763980488136
1.812730881184697e9	0.00023782492562639303
1.830206106311053e9	0.0002630433003977798
1.847849797422287e9	0.0002907407215380139
1.8656635785769148e9	0.0003211447201321084
1.8836490894898021e9	0.00035450274260914397
1.9018079856831396e9	0.00039108387326247196
1.920141938638801e9	0.00043118070807861514
1.9386526359522057e9	0.00047511139309207133
1.9573417814876575e9	0.0005232218415443117
1.9762110955351903e9	0.000575888145257176
1.9952623149688828e9	0.0006335191968365025
2.0144971934067833e9	0.0006965595406058517
2.033917501372293e9	0.000765492471534425
2.0535250264571462e9	0.0008408434028747108
2.073321573485954e9	0.0009231835247652898
2.0933089646823347e9	0.001013133777689052
2.1134890398366432e9	0.0011113691664104612
2.1338636564753218e9	0.0012186234418527487
2.1544346900318866e9	0.001335694180322101
2.1752040340195246e9	0.001463448291545951
2.1961736002054367e9	0.0016028279891740355
2.2173453187867785e9	0.0017548572596958565
2.238721138568338e9	0.0019206488681688843
2.260303027141917e9	0.0021014119417293213
2.2820929710674553e9	0.0022984601745824652
2.3040929760558496e9	0.0025132207010478804
2.326305067153629e9	0.0027472436862771296
2.3487312889293203e9	0.0030022126874702957
2.3713737056616554e9	0.003279955841811095
2.39423440152958e9	0.0035824579409183713
2.4173154808041015e9	0.00391187345539128
2.4406190680419765e9	0.004270540577013313
2.464147308281276e9	0.0046609963503903935
2.4879023672388396e9	0.005085992970239876
2.511886431509582e9	0.005548515325234154
2.536101708767827e9	0.006051799874252593
2.5605504279704757e9	0.0065993549461087425
2.5852348395621886e9	0.007194982559332326
2.6101572156825333e9	0.007842801864393985
2.6353198503751383e9	0.008547274316890681
2.660725059798814e9	0.009313230696677706
2.6863751824408107e9	0.010145900094763056
2.71227257933203e9	0.01105094099696988
2.7384196342643614e9	0.012034474600979927
2.7648187540101056e9	0.013103120511378965
2.791472368543512e9	0.014264034965783308
2.818382931264449e9	0.015524951754046971
2.8455529192242384e9	0.01689422600196056
2.8729848333536687e9	0.018380881000783465
2.9006811986931562e9	0.019994658274418552
2.9286445646252375e9	0.021746071087107532
2.956877505109187e9	0.023646461606154818
2.9853826189179573e9	0.025708061946511467
3.014162529877386e9	0.02794405933700703
3.0432198871077285e9	0.03036866566170827
3.072557365267452e9	0.03299719164430785
3.1021776647995043e9	0.03584612595869303
3.132083512179837e9	0.038933219564865264
3.1622776601683793e9	0.04227757558635215
3.1927628880624247e9	0.04589974506309389
3.2235420019524593e9	0.04982182893262916
3.2546178349804535e9	0.054067586612265496
3.2859932476006474e9	0.058662551575869894
3.3176711278428617e9	0.06363415434099734
3.3496543915782795e9	0.06901185330535342
3.3819459827879257e9	0.07482727389618095
3.4145488738336005e9	0.08111435652197362
3.447466065731491e9	0.08790951384328141
3.480700588428406e9	0.09525179790809638
3.5142555010806913e9	0.10318307772765138
3.5481338923357606e9	0.11174822790039533
3.5823388806164804e9	0.12099532892567506
3.616873614408161e9	0.1309758798840367
3.651741272548377e9	0.14174502419859547
3.686945064519573e9	0.1533617892312871
3.72248823074449e9	0.16588934050938442
3.7583740428844357e9	0.17939525142144336
3.794605804140434e9	0.19395178926797627
3.831186849557293e9	0.20963621860075357
3.868120546330525e9	0.2265311228357961
3.905410294116381e9	0.24472474517919782
3.94305952534472e9	0.26431134996151384
3.9810717055349693e9	0.2853916055365222
4.0194503336151195e9	0.3080729899630858
4.0581989422438073e9	0.33247022075528926
4.0973210981354218e9	0.3587057100558702
4.136820402388511e9	0.3869100466618428
4.17670049081719e9	0.41722250640840064
4.2169650342858224e9	0.4497915924991954
4.2576177390469155e9	0.48477560745689596
4.298662347082273e9	0.5223432584585236
4.340102636447432e9	0.5626742979153903
4.381942421619428e9	0.6059602012578376
4.424185553847923e9	0.652404883990638
4.466835921509635e9	0.7022254601960439
4.509897450466355e9	0.7556530447789461
4.553374104426249e9	0.8129336018711938
4.597269885308718e9	0.87432884194254
4.641588833612773e9	0.9401171703018176
4.686335028788963e9	1.0105946898158142
4.731512589614813e9	1.086076260824406
4.777125674574048e9	1.1668966213902179
4.823178482239309e9	1.253411571187658
4.869675251658631e9	1.3459992225133945
4.916620262745641e9	1.4450613220852802
4.964017836673511e9	1.5510246474920757
5.011872336272715e9	1.6643424823616975
5.060188166432613e9	1.7854961745317282
5.108969774506935e9	1.9149967817333855
5.158221650723061e9	2.053386809538866
5.207948328595465e9	2.201242046574799
5.258154385342927e9	2.3591735022672533
5.308844442309879e9	2.527829452664183
5.360023165391785e9	2.707897600172847
5.411695265464648e9	2.900107353358393
5.463865498818551e9	3.1052322332731315
5.516538667595586e9	3.3240924131286453
5.569719620231798e9	3.5575573984785986
5.623413251903491e9	3.806548855459695
5.677624504977817e9	4.072043595033529
5.732358369467708e9	4.355076721589187
5.787619883491197e9	4.6567449547051805
5.843414133735163e9	4.978210133330512
5.899746255923572e9	5.320702912129428
5.95662143529011e9	5.685526660243794
6.014044907055617e9	6.074061573265896
6.0720219569098835e9	6.487769009773387
6.130557921498202e9	6.928196064375867
6.189658188912597e9	7.396980389842787
6.249328199187811e9	7.895855281539123
6.309573444801943e9	8.426655038081929
6.37039947118217e9	8.99132061286047
6.431811877215091e9	9.591905571815854
6.493816315762114e9	10.230582373684342
6.556418494179785e9	10.909648989745307
6.619624174845145e9	11.631535881001069
6.683439175686135e9	12.398813351644952
6.747869370717123e9	13.214199298651621
6.812920690579622e9	14.080567378351205
6.878599123088081e9	15.000955611925809
6.944910713781214e9	15.97857545290974
7.011861566478363e9	17.01682134095473
7.079457843841373e9	18.119280767387394
7.147705767941846e9	19.289744879397052
7.216611620833899e9	20.532219651078215
7.286181745132289e9	21.850937651004717
7.356422544596421e9	23.250370437551855
7.427340484719672e9	24.73524161477114
7.498942093324558e9	26.310540583330933
7.571233961163601e9	27.981537022797635
7.644222742525994e9	29.7537961434027
7.717915155850112e9	31.633194747397273
7.792317984341925e9	33.62593814215793
7.86743807659941e9	35.73857794936768
7.943282347242822e9	37.97803085686686
8.019857777551352e9	40.35159836217179
8.097171416105618e9	42.86698755914067
8.175230379436493e9	45.53233302193004
8.254041852680173e9	48.35621984313859
8.333613090239576e9	51.34770788595143
8.413951416451964e9	54.51635731314501
8.4950642262633295e9	57.87225545905067
8.576958985908946e9	61.42604511390551
8.659643233600653e9	65.18895429360497
8.743124580220732e9	69.17282757157149
8.82741071002246e9	73.39015905336885
8.91250938133744e9	77.854127078804
8.998428427289726e9	82.5786307405681
9.08517575651688e9	87.57832831300621
9.172759353897804e9	92.86867768935255
9.261187281287937e9	98.465978930808
9.350467678261196e9	104.38741903602315
9.440608762859226e9	110.65111904513239
9.531618832347862e9	117.27618359824172
9.623506263980907e9	124.28275307437119
9.716279515771078e9	131.69205844322343
9.809947127268784e9	139.52647896892594
9.904517720348015e9	147.80960291183854
1.e10	156.56629138202362
1.0096402755134481e10	165.8227455056949
1.0193734859388716e10	175.60657707413748
1.0292005271944265e10	185.94688285317505
1.039122303835167e10	196.87432274024965
1.0491397291363113e10	208.42120196565745
1.0592537251772898e10	220.62155754435722
1.069465222926645e10	233.51124919532256
1.0797751623277094e10	247.12805495615768
1.0901844923851267e10	261.5117717323875
1.1006941712522081e10	276.70432103278876
1.1113051663191305e10	292.7498601548393
1.1220184543019653e10	309.6948990976328
1.1328350213326096e10	327.58842349370786
1.1437558630495388e10	346.4820238656769
1.1547819846894583e10	366.4300315291825
1.1659144011798311e10	387.48966147973766
1.1771541372323017e10	409.7211626180204
1.1885022274370165e10	433.18797568603736
1.1999597163578562e10	457.95689930524975
1.21152765862859e10	484.09826452744676
1.2232071190499325e10	511.68611832966457
1.234999172687585e10	540.7984165063673
1.246904904971174e10	571.5172264344251
1.2589254117941662e10	603.9289402106789
1.2710617996147432e10	638.1244986867026
1.2833151855576538e10	674.1996269517591
1.2956866975170216e10	712.2550818424263
1.3081774742601955e10	752.3969120866601
1.3207886655325506e10	794.7367317199637
1.333521432163324e10	839.392007443751
1.3463769461724665e10	886.4863606292213
1.3593563908785242e10	936.1498847053168
1.3724609610075598e10	988.5194787062363
1.3856918628031244e10	1043.7391977927616
1.3990503141372957e10	1101.9606216022883
1.4125375446227554e10	1163.343241325027
1.4261547957260084e10	1228.054866449144
1.4399033208816326e10	1296.2720521637289
1.4537843856076607e10	1368.1805484587687
1.4677992676220675e10	1443.97577201251
1.4819492569603878e10	1523.8633020112127
1.4962356560944359e10	1608.0594011030462
1.5106597800522312e10	1696.7915627484847
1.5252229565390198e10	1790.2990862911906
1.539926526059492e10	1888.833681140526
1.5547718420411726e10	1992.6601015252372
1.569760270959001e10	2102.056813350863
1.5848931924611109e10	2217.316694769361
1.6001719994958244e10	2338.7477721496552
1.6155980984398762e10	2466.6739932215605
1.6311729092278397e10	2601.4360392533677
1.646897865482869e10	2743.3921782167704
1.6627744146486336e10	2892.9191609879913
1.678804018122559e10	3050.4131627374973
1.6949881513903442e10	3216.290771766349
1.7113283041617846e10	3390.990028159636
1.7278259805078663e10	3574.971514744433
1.7444826989992558e10	3768.7195029645636
1.7612999928460526e10	3972.743156411287
1.778279410038923e10	4187.577794887042
1.79542251349159e10	4413.786222020877
1.812730881184697e10	4651.96011960339
1.830206106311053e10	4902.721511966227
1.847849797422287e10	5166.724303895393
1.865663578576915e10	5444.655895740354
1.883649089489802e10	5737.238879561105
1.9018079856831398e10	6045.232820347797
1.9201419386388012e10	6369.436126542467
1.9386526359522057e10	6710.688014305772
1.9573417814876575e10	7069.870570188162
1.9762110955351902e10	7447.910917096067
1.9952623149688828e10	7845.783488683694
2.0144971934067833e10	8264.512417557407
2.033917501372293e10	8705.174042939696
2.053525026457146e10	9168.89954372364
2.073321573485954e10	9656.877703137832
2.0933089646823345e10	10170.357811548978
2.1134890398366432e10	10710.652714250824
2.1338636564753216e10	11279.142011425263
2.1544346900318867e10	11877.275417815168
2.1752040340195244e10	12506.57629001783
2.1961736002054367e10	13168.645329702047
2.2173453187867786e10	13865.16447145142
2.2387211385683376e10	14597.9009643727
2.260303027141917e10	15368.711657052401
2.2820929710674557e10	16179.547495916542
2.3040929760558495e10	17032.45824754109
2.3263050671536285e10	17929.597455984134
2.34873128892932e10	18873.227646742784
2.3713737056616554e10	19865.725789519256
2.3942344015295803e10	20909.589032570017
2.417315480804101e10	22007.440722041858
2.440619068041976e10	23162.03672035377
2.4641473082812763e10	24376.27203837363
2.4879023672388397e10	25653.187796860784
2.511886431509582e10	26995.978533399873
2.536101708767827e10	28407.999871856235
2.5605504279704754e10	29892.776572197894
2.5852348395621887e10	31454.01097942133
2.6101572156825333e10	33095.591891221906
2.6353198503751385e10	34821.6038650161
2.660725059798814e10	36636.336985922295
2.6863751824408104e10	38544.29711837936
2.7122725793320297e10	40550.216665162785
2.7384196342643612e10	42659.06585874431
2.764818754010106e10	44876.06461114373
2.791472368543512e10	47206.694949700315
2.8183829312644493e10	49656.71406753069
2.8455529192242382e10	52232.16801884074
2.8729848333536686e10	54939.40609073069
2.900681198693156e10	57785.09588466685
2.9286445646252373e10	60776.23914243293
2.9568775051091873e10	63920.188353027486
2.9853826189179573e10	67224.66417879071
3.0141625298773857e10	70697.77374088133
3.0432198871077286e10	74348.02980618602
3.072557365267452e10	78184.37091977586
3.1021776647995045e10	82216.18252920436
3.132083512179837e10	86453.319149134
3.1622776601683792e10	90906.12761718668
3.192762888062425e10	95585.4714943564
3.2235420019524593e10	100502.75666591553
3.2546178349804535e10	105669.95820146558
3.2859932476006474e10	111099.64853562039
3.3176711278428616e10	116805.02703379926
3.3496543915782795e10	122799.95101071209
3.3819459827879257e10	129098.96827244414
3.4145488738336006e10	135717.3512563993
3.447466065731491e10	142671.1328470346
3.480700588428406e10	149977.14394904955
3.5142555010806915e10	157653.05290365283
3.5481338923357605e10	165717.40683765113
3.58233888061648e10	174189.67503951216
3.616873614408161e10	183090.29446098456
3.651741272548377e10	192440.71744773345
3.686945064519573e10	202263.46180738596
3.72248823074449e10	212582.16332862008
3.758374042884435e10	223421.63087042337
3.7946058041404335e10	234807.90414638384
3.831186849557293e10	246768.31433490702
3.868120546330525e10	259331.54765251314
3.905410294116381e10	272527.7120340959
3.94305952534472e10	286388.40707076556
3.981071705534969e10	300946.79736332217
4.01945033361512e10	316237.6894569122
4.058198942243807e10	332297.6125304183
4.097321098135422e10	349164.9030224175
4.136820402388512e10	366879.79338443454
4.1767004908171906e10	385484.50516112515
4.216965034285822e10	405023.3466068538
4.2576177390469154e10	425542.81505804055
4.298662347082272e10	447091.70429120545
4.340102636447431e10	469721.2171076845
4.3819424216194275e10	493485.08339750685
4.424185553847923e10	518439.68394704023
4.466835921509635e10	544644.1802676225
4.509897450466355e10	572160.6507358511
4.553374104426248e10	601054.23334977
4.597269885308718e10	631393.2754200806
4.641588833612772e10	663249.490530552
4.686335028788963e10	696698.1231178459
4.7315125896148125e10	731818.1210375808
4.777125674574048e10	768692.3165012671
4.823178482239309e10	807407.6157865862
4.869675251658631e10	848055.1981431704
4.9166202627456406e10	890730.7243358701
4.964017836673511e10	935534.5552886088
5.011872336272715e10	982571.981314005
5.060188166432613e10	1.031953462436957e6
5.108969774506934e10	1.0837948803446458e6
5.1582216507230606e10	1.1382178025204872e6
5.207948328595465e10	1.195349759146565e6
5.2581543853429276e10	1.25532453338602e6
5.308844442309879e10	1.3182824656866645e6
5.360023165391785e10	1.3843707727770396e6
5.4116952654646484e10	1.453743882058128e6
5.463865498818551e10	1.5265637821269764e6
5.5165386675955864e10	1.603000390204033e6
5.569719620231798e10	1.6832319372714018e6
5.6234132519034904e10	1.7674453717684667e6
5.677624504977816e10	1.8558367827307037e6
5.732358369467708e10	1.9486118432995158e6
5.787619883491197e10	2.045986275574738e6
5.843414133735163e10	2.148186337827251e6
5.899746255923572e10	2.255449335137121e6
5.956621435290109e10	2.368024154572642e6
6.0140449070556175e10	2.4861718260790315e6
6.072021956909884e10	2.610166110298972e6
6.130557921498202e10	2.740294114606252e6
6.189658188912597e10	2.876856938692944e6
6.249328199187811e10	3.0201703511139858e6
6.3095734448019424e10	3.1705654982582894e6
6.37039947118217e10	3.328389647285817e6
6.431811877215091e10	3.4940069646399063e6
6.493816315762113e10	3.667799331821783e6
6.556418494179785e10	3.850167200191668e6
6.6196241748451454e10	4.0415304866439556e6
6.683439175686135e10	4.242329512090145e6
6.747869370717123e10	4.453025984773401e6
6.812920690579622e10	4.674104030533273e6
6.878599123088081e10	4.906071272237094e6
6.944910713781213e10	5.149459960699811e6
7.011861566478363e10	5.404828159518792e6
7.079457843841373e10	5.672760986366277e6
7.147705767941846e10	5.953871913398238e6
7.216611620833897e10	6.2488041295628445e6
7.286181745132289e10	6.558231967719545e6
7.356422544596422e10	6.882862399617636e6
7.427340484719673e10	7.22343660191981e6
7.498942093324559e10	7.5807315966079915e6
7.571233961163602e10	7.955561969260396e6
7.644222742525995e10	8.348781668850827e6
7.717915155850111e10	8.761285892889457e6
7.792317984341924e10	9.194013061900513e6
7.86743807659941e10	9.647946887416342e6
7.943282347242822e10	1.0124118537858497e7
8.019857777551352e10	1.0623608906881139e7
8.097171416105618e10	1.114755098895596e7
8.175230379436493e10	1.1697132367202751e7
8.254041852680173e10	1.2273597818696504e7
8.333613090239577e10	1.2878252042721588e7
8.413951416451965e10	1.3512462517692545e7
8.49506422626333e10	1.4177662492727764e7
8.576958985908946e10	1.487535412012572e7
8.659643233600653e10	1.5607111735288218e7
8.743124580220732e10	1.6374585290927095e7
8.827410710022461e10	1.7179503952703595e7
8.91250938133744e10	1.802367986377452e7
8.998428427289726e10	1.8909012086057596e7
9.085175756516881e10	1.9837490726383626e7
9.172759353897803e10	2.0811201256069575e7
9.261187281287938e10	2.1832329032840952e7
9.350467678261195e10	2.290316403442027e7
9.440608762859225e10	2.4026105813534044e7
9.531618832347862e10	2.5203668684519507e7
9.623506263980907e10	2.6438487152174577e7
9.716279515771077e10	2.7733321593968187e7
9.809947127268784e10	2.9091064207237847e7
9.904517720348015e10	3.0514745233502418e7
1.e11	3.2007539472580448e7
1.0096402755134482e11	3.357277309975842e7
1.0193734859388716e11	3.521393079984809e7
1.0292005271944264e11	3.693466323258745e7
1.039122303835167e11	3.8738794844482e7
1.0491397291363069e11	4.0630332042852715e7
1.0592537251772897e11	4.2613471748556785e7
1.0694652229266452e11	4.469261034456875e7
1.0797751623277094e11	4.687235303838678e7
1.0901844923851268e11	4.915752365699065e7
1.1006941712522125e11	5.155317489393161e7
1.1113051663191304e11	5.40645990289714e7
1.1220184543019653e11	5.6697339141606815e7
1.1328350213326096e11	5.945720084071577e7
1.1437558630495389e11	6.235026453356553e7
1.1547819846894582e11	6.5382898258416906e7
1.1659144011798311e11	6.856177110601625e7
1.1771541372323016e11	7.189386725636716e7
1.1885022274370164e11	7.53865006583148e7
1.1999597163578563e11	7.904733038066481e7
1.2115276586285852e11	8.288437666479951e7
1.2232071190499326e11	8.690603771004231e7
1.2349991726875851e11	9.112110722435263e7
1.2469049049711742e11	9.553879277436318e7
1.2589254117941661e11	1.0016873497016525e8
1.2710617996147484e11	1.050210275218178e8
1.2833151855576538e11	1.1010623820607716e8
1.2956866975170216e11	1.1543543078353244e8
1.3081774742601955e11	1.2102018790795383e8
1.3207886655325507e11	1.2687263507150057e8
1.333521432163324e11	1.3300546563122086e8
1.3463769461724666e11	1.3943196696420133e8
1.3593563908785242e11	1.4616604780069512e8
1.3724609610075597e11	1.5322226678661847e8
1.3856918628031244e11	1.6061586232893604e8
1.39905031413729e11	1.683627837796732e8
1.4125375446227554e11	1.764797240165974e8
1.4261547957260086e11	1.849841534809734e8
1.4399033208816327e11	1.938943557353438e8
1.4537843856076605e11	2.032294646067411e8
1.4677992676220737e11	2.130095029835164e8
1.481949256960388e11	2.232554233366366e8
1.4962356560944357e11	2.3398915003927708e8
1.510659780052231e11	2.4523362356134778e8
1.5252229565390198e11	2.5701284661881074e8
1.539926526059492e11	2.693519323607453e8
1.5547718420411728e11	2.8227715468043554e8
1.569760270959001e11	2.958160007401559e8
1.5848931924611108e11	3.0999722580287117e8
1.6001719994958246e11	3.2485091046769696e8
1.6155980984398697e11	3.404085204097471e8
1.6311729092278397e11	3.567029687289071e8
1.646897865482869e11	3.737686810160268e8
1.6627744146486334e11	3.9164166324935704e8
1.678804018122559e11	4.1035957263808316e8
1.6949881513903513e11	4.299617915345008e8
1.7113283041617847e11	4.5048950454073703e8
1.7278259805078662e11	4.7198577894085103e8
1.744482698999256e11	4.944956485937181e8
1.7612999928460526e11	5.180662014273551e8
1.7782794100389227e11	5.427466706803532e8
1.7954225134915903e11	5.685885300414058e8
1.8127308811846967e11	5.956455928433524e8
1.8302061063110532e11	6.239741154737743e8
1.847849797422287e11	6.536329051698667e8
1.8656635785769073e11	6.846834323712552e8
1.883649089489802e11	7.171899478104353e8
1.9018079856831396e11	7.512196045266147e8
1.920141938638801e11	7.868425849953625e8
1.9386526359522058e11	8.241322335724667e8
1.9573417814876657e11	8.631651944574919e8
1.9762110955351904e11	9.040215553889132e8
1.9952623149688828e11	9.46784997290013e8
2.0144971934067834e11	9.915429500911572e8
2.033917501372293e11	1.0383867549617746e9
2.053525026457146e11	1.087411833192297e9
2.073321573485954e11	1.1387178619737697e9
2.0933089646823346e11	1.192408957330271e9
2.1134890398366434e11	1.2485938644668787e9
2.1338636564753217e11	1.307386155803455e9
2.1544346900318777e11	1.3689044369722853e9
2.1752040340195245e11	1.4332725610652726e9
2.1961736002054367e11	1.5006198514240103e9
2.2173453187867786e11	1.571081333274342e9
2.2387211385683377e11	1.6447979745138013e9
2.2603030271419263e11	1.7219169359690347e9
2.2820929710674554e11	1.802591831447103e9
2.3040929760558493e11	1.8869829979129932e9
2.3263050671536285e11	1.9752577761319013e9
2.3487312889293204e11	2.0675908021232097e9
2.3713737056616553e11	2.164164309779456e9
2.3942344015295804e11	2.265168445010608e9
2.4173154808041013e11	2.3708015917803445e9
2.4406190680419763e11	2.481270710407316e9
2.4641473082812762e11	2.596791688509973e9
2.4879023672388297e11	2.717589704978868e9
2.5118864315095822e11	2.843899607365158e9
2.5361017087678268e11	2.9759663030777597e9
2.5605504279704755e11	3.1140451647861295e9
2.5852348395621887e11	3.258402450426608e9
2.610157215682544e11	3.409315738213763e9
2.6353198503751385e11	3.5670743770576787e9
2.660725059798814e11	3.731979952789421e9
2.6863751824408105e11	3.9043467705933332e9
2.7122725793320297e11	4.084502354044149e9
2.7384196342643613e11	4.2727879611414375e9
2.7648187540101056e11	4.469559117728446e9
2.791472368543512e11	4.675186168674691e9
2.8183829312644495e11	4.890054847192117e9
2.845552919224238e11	5.114566862642782e9
2.8729848333536566e11	5.34914050718217e9
2.900681198693156e11	5.594211281565315e9
2.9286445646252374e11	5.850232540423021e9
2.956877505109187e11	6.117676157295057e9
2.985382618917957e11	6.397033209677385e9
3.014162529877398e11	6.688814684315159e9
3.043219887107728e11	6.993552202936288e9
3.072557365267452e11	7.311798768586094e9
3.1021776647995044e11	7.644129532676638e9
3.132083512179837e11	7.991142582821092e9
3.1622776601683795e11	8.353459751467722e9
3.192762888062425e11	8.731727445290237e9
3.223542001952459e11	9.12661749522538e9
3.2546178349804535e11	9.538828026976336e9
3.2859932476006476e11	9.969084351720598e9
3.317671127842848e11	1.0418139876672838e10
3.3496543915782794e11	1.0886777035056557e10
3.3819459827879254e11	1.137580823493033e10
3.4145488738336005e11	1.1886076826202627e10
3.447466065731491e11	1.2418458085033754e10
3.4807005884284204e11	1.2973860214691422e10
3.5142555010806915e11	1.3553225361768751e10
3.5481338923357605e11	1.415753064651238e10
3.582338880616481e11	1.4787789205820414e10
3.616873614408161e11	1.544505124727988e10
3.651741272548377e11	1.613040511239498e10
3.6869450645195734e11	1.6844978346925858e10
3.7224882307444904e11	1.7589938776005596e10
3.7583740428844354e11	1.8366495581428066e10
3.794605804140434e11	1.9175900378204124e10
3.831186849557277e11	2.001944828716029e10
3.868120546330525e11	2.089847900000888e10
3.905410294116381e11	2.1814377832937798e10
3.94305952534472e11	2.276857676437112e10
3.9810717055349695e11	2.3762555452098854e10
4.019450333615136e11	2.479784222451357e10
4.0581989422438074e11	2.587601504017011e10
4.097321098135422e11	2.6998702409344193e10
4.1368204023885114e11	2.816758427065592e10
4.1767004908171906e11	2.9384392815199097e10
4.216965034285823e11	3.065091324991813e10
4.257617739046915e11	3.1968984491235126e10
4.2986623470822723e11	3.334049977913019e10
4.340102636447431e11	3.476740720101853e10
4.3819424216194275e11	3.625171011384454e10
4.424185553847905e11	3.779546745181884e10
4.466835921509635e11	3.9400793906158775e10
4.509897450466355e11	4.106985996204141e10
4.553374104426248e11	4.280489177676172e10
4.597269885308718e11	4.4608170881743744e10
4.641588833612792e11	4.648203368965912e10
4.6863350287889636e11	4.842887078636747e10
4.7315125896148126e11	5.0451125985782234e10
4.7771256745740485e11	5.2551295123988365e10
4.823178482239309e11	5.4731924567092224e10
4.869675251658631e11	5.699560940525713e10
4.916620262745641e11	5.9344991303230804e10
4.964017836673511e11	6.178275597536487e10
5.011872336272715e11	6.4311630250657974e10
5.060188166432613e11	6.69343786907077e10
5.108969774506914e11	6.96537997206293e10
5.158221650723061e11	7.247272122996939e10
5.207948328595465e11	7.539399559739528e10
5.258154385342927e11	7.842049408949529e10
5.308844442309879e11	8.15551005802814e10
5.3600231653918066e11	8.480070453405476e10
5.4116952654646484e11	8.81601931900265e10
5.463865498818551e11	9.163644288258707e10
5.516538667595586e11	9.523230942622466e10
5.569719620231798e11	9.895061748896097e10
5.623413251903491e11	1.0279414887261665e11
5.677624504977816e11	1.0676562961231157e11
5.732358369467708e11	1.1086771580129645e11
5.787619883491198e11	1.1510297804046529e11
5.843414133735164e11	1.1947388440470212e11
5.899746255923547e11	1.2398278181052492e11
5.95662143529011e11	1.2863187566128638e11
6.014044907055618e11	1.3342320763741716e11
6.072021956909884e11	1.3835863148989136e11
6.130557921498202e11	1.434397866850429e11
6.189658188912622e11	1.486680697382943e11
6.249328199187811e11	1.5404460306293942e11
6.309573444801943e11	1.5957020114807153e11
6.37039947118217e11	1.6524533386673773e11
6.431811877215092e11	1.7107008670171368e11
6.493816315762113e11	1.770441176615239e11
6.556418494179785e11	1.831666106437038e11
6.619624174845145e11	1.894362249855698e11
6.683439175686135e11	1.958510409249683e11
6.747869370717123e11	2.024085006744728e11
6.812920690579595e11	2.0910534479228128e11
6.878599123088081e11	2.15937543511486e11
6.944910713781215e11	2.2290022266640298e11
7.011861566478363e11	2.2998758383020505e11
7.079457843841373e11	2.371928182519298e11
7.147705767941875e11	2.445080141532303e11
7.216611620833898e11	2.5192405691555234e11
7.286181745132289e11	2.5943052165697427e11
7.356422544596421e11	2.6701555766423306e11
7.427340484719673e11	2.7466576410981454e11
7.498942093324558e11	2.823660564458112e11
7.571233961163601e11	2.9009952282571844e11
7.644222742525994e11	2.978472698621555e11
7.717915155850111e11	3.055882569824976e11
7.792317984341924e11	3.1329911859547736e11
7.867438076599377e11	3.209539732296997e11
7.943282347242821e11	3.285242187495438e11
8.019857777551353e11	3.3597831269488947e11
8.097171416105618e11	3.43281536728332e11
8.175230379436493e11	3.5039574410658167e11
8.254041852680206e11	3.572790890217067e11
8.333613090239576e11	3.638857365820993e11
8.413951416451964e11	3.701655521225397e11
8.49506422626333e11	3.760637684469822e11
8.576958985908945e11	3.8152062951654987e11
8.659643233600653e11	3.8647100899822656e11
8.743124580220731e11	3.908440019865319e11
8.827410710022461e11	3.9456248810076355e11
8.91250938133744e11	3.975426640436186e11
8.998428427289725e11	3.996935435828897e11
9.085175756516843e11	4.009164227858853e11
9.172759353897804e11	4.011043081958269e11
9.261187281287937e11	4.001413054901475e11
9.350467678261195e11	3.9790196600190186e11
9.440608762859226e11	3.9425058831659174e11
9.531618832347902e11	3.890404719773649e11
9.623506263980907e11	3.8211312014058954e11
9.716279515771078e11	3.7329738782100696e11
9.809947127268784e11	3.624085721500203e11
9.904517720348015e11	3.492474408413843e11
1.e12	3.33599194814858e11