1.e7	4.739456578677162e-264
1.0096402755134482e7	1.3834286910552019e-261
1.0193734859388737e7	3.825658271025371e-259
1.0292005271944286e7	1.0027690405139757e-256
1.039122303835169e7	2.4926600270044977e-254
1.049139729136309e7	5.879122257475802e-252
1.0592537251772897e7	1.3163369282753273e-249
1.0694652229266452e7	2.7992553146722462e-247
1.0797751623277094e7	5.656561484451927e-245
1.0901844923851268e7	1.0866976009376976e-242
1.1006941712522103e7	1.985732393128344e-240
1.1113051663191281e7	3.452996727797217e-238
1.122018454301963e7	5.716637926867707e-236
1.1328350213326072e7	9.01483847491515e-234
1.1437558630495388e7	1.3547204474284425e-231
1.154781984689458e7	1.94095603144993e-229
1.1659144011798311e7	2.652490753943504e-227
1.177154137232304e7	3.459077040548213e-225
1.188502227437019e7	4.306544100697758e-223
1.1999597163578587e7	5.120969050823584e-221
1.2115276586285876e7	5.818625893456059e-219
1.2232071190499326e7	6.3200771073256944e-217
1.234999172687585e7	6.565152223108357e-215
1.2469049049711742e7	6.524883267674394e-213
1.2589254117941663e7	6.207110672622115e-211
1.2710617996147458e7	5.654270117272426e-209
1.2833151855576513e7	4.934165652131993e-207
1.295686697517019e7	4.126473729656453e-205
1.308177474260193e7	3.308636086719514e-203
1.3207886655325506e7	2.5444748829066953e-201
1.333521432163324e7	1.8775849882218245e-199
1.3463769461724665e7	1.3299174367408464e-197
1.3593563908785269e7	9.045719762740667e-196
1.3724609610075625e7	5.910484244546389e-194
1.3856918628031274e7	3.7113421354416254e-192
1.3990503141372928e7	2.2404323334334162e-190
1.4125375446227554e7	1.3007352964333717e-188
1.4261547957260085e7	7.265475733197076e-187
1.4399033208816327e7	3.905867118877203e-185
1.4537843856076606e7	2.0216587818516657e-183
1.4677992676220706e7	1.007841941261683e-181
1.4819492569603847e7	4.840908446082706e-180
1.4962356560944328e7	2.2411214237992325e-178
1.510659780052228e7	1.0003701291457915e-176
1.5252229565390198e7	4.306893457650613e-175
1.539926526059492e7	1.7890622724067262e-173
1.5547718420411726e7	7.172872353216565e-172
1.5697602709590042e7	2.776604647136322e-170
1.5848931924611142e7	1.0380872783585018e-168
1.6001719994958278e7	3.749702047853746e-167
1.6155980984398728e7	1.3090177408698243e-165
1.6311729092278397e7	4.417958538571822e-164
1.6468978654828688e7	1.4419996954384736e-162
1.6627744146486335e7	4.553180761083487e-161
1.678804018122559e7	1.391259818773268e-159
1.6949881513903476e7	4.115109001180488e-158
1.711328304161781e7	1.178607008047195e-156
1.7278259805078626e7	3.269676655517456e-155
1.744482698999252e7	8.788625678475605e-154
1.7612999928460523e7	2.289541400409918e-152
1.7782794100389227e7	5.78252015366478e-151
1.7954225134915903e7	1.4163005997023426e-149
1.8127308811846968e7	3.365043131733908e-148
1.8302061063110568e7	7.757982765375483e-147
1.8478497974222906e7	1.736020415316811e-145
1.865663578576911e7	3.7716584647703025e-144
1.883649089489802e7	7.957999248692652e-143
1.9018079856831398e7	1.6311381776249964e-141
1.920141938638801e7	3.248726104677485e-140
1.9386526359522056e7	6.2891209216541495e-139
1.9573417814876616e7	1.1836932523543887e-137
1.9762110955351863e7	2.166593978715121e-136
1.9952623149688788e7	3.8576308224785504e-135
2.0144971934067793e7	6.683179098897671e-134
2.033917501372293e7	1.1268815860538509e-132
2.053525026457146e7	1.8497735632267817e-131
2.073321573485954e7	2.956754334602159e-130
2.0933089646823347e7	4.603398014064603e-129
2.1134890398366477e7	6.98260683918588e-128
2.133863656475326e7	1.0321446355512945e-126
2.1544346900318824e7	1.4871491650765757e-125
2.1752040340195246e7	2.089130537967568e-124
2.1961736002054367e7	2.8620601490947745e-123
2.2173453187867787e7	3.824706603230496e-122
2.2387211385683376e7	4.986855074923634e-121
2.2603030271419216e7	6.345512443132782e-120
2.282092971067451e7	7.881685263956607e-119
2.3040929760558445e7	9.558374687996401e-118
2.3263050671536237e7	1.1320373866518151e-116
2.34873128892932e7	1.3096265825050256e-115
2.3713737056616552e7	1.4802718601520341e-114
2.3942344015295804e7	1.6350805164917948e-113
2.4173154808041014e7	1.7653706861297543e-112
2.4406190680419814e7	1.8634868071534645e-111
2.4641473082812812e7	1.9235523609711585e-110
2.4879023672388345e7	1.9420558807969763e-109
2.5118864315095823e7	1.918188600442156e-108
2.536101708767827e7	1.8538890584290218e-107
2.5605504279704753e7	1.7535943522773334e-106
2.5852348395621885e7	1.623740955706856e-105
2.6101572156825386e7	1.4720920213566394e-104
2.635319850375133e7	1.306987193605159e-103
2.6607250597988084e7	1.1366129027781796e-102
2.686375182440805e7	9.683772910913756e-102
2.71227257933203e7	8.084486586967503e-101
2.738419634264361e7	6.614855831569088e-100
2.764818754010106e7	5.305567740862306e-99
2.791472368543512e7	4.172242491444554e-98
2.818382931264455e7	3.217475753294084e-97
2.845552919224244e7	2.4336054609275794e-96
2.872984833353663e7	1.805737084600459e-95
2.900681198693156e7	1.3146430933877884e-94
2.928644564625237e7	9.392668517214446e-94
2.9568775051091872e7	6.586822241725365e-93
2.9853826189179573e7	4.5346731941387813e-92
3.0141625298773922e7	3.065319128506708e-91
3.043219887107722e7	2.034889664547129e-90
3.0725573652674455e7	1.3268340230962078e-89
3.102177664799498e7	8.499184797041666e-89
3.132083512179837e7	5.349295029330644e-88
3.162277660168379e7	3.3086238771086003e-87
3.192762888062425e7	2.0114168498513554e-86
3.2235420019524593e7	1.2020767045439454e-85
3.2546178349804603e7	7.063315143959717e-85
3.285993247600654e7	4.081328090863387e-84
3.3176711278428547e7	2.3194258924340426e-83
3.3496543915782794e7	1.2966251567511329e-82
3.381945982787926e7	7.131346846505152e-82
3.4145488738336004e7	3.8593967129092484e-81
3.447466065731491e7	2.055535396361367e-80
3.480700588428413e7	1.077592250752257e-79
3.514255501080684e7	5.561264842029594e-79
3.548133892335753e7	2.8258385346864365e-78
3.582338880616481e7	1.413969896283785e-77
3.616873614408161e7	6.968123372567597e-77
3.651741272548377e7	3.382497863830524e-76
3.686945064519574e7	1.6175877253211194e-75
3.72248823074449e7	7.621996579332338e-75
3.758374042884443e7	3.53917178165113e-74
3.794605804140442e7	1.6196729419056907e-73
3.831186849557285e7	7.306443446044246e-73
3.868120546330525e7	3.249356725982057e-72
3.905410294116381e7	1.424821640711153e-71
3.94305952534472e7	6.161037809264818e-71
3.981071705534969e7	2.6274560684059577e-70
4.019450333615128e7	1.1052554734406784e-69
4.058198942243799e7	4.5866158174605106e-69
4.097321098135413e7	1.877936233119403e-68
4.1368204023885116e7	7.587241107760884e-68
4.176700490817191e7	3.025218427953396e-67
4.2169650342858225e7	1.1905677443627247e-66
4.2576177390469156e7	4.625196655878095e-66
4.298662347082272e7	1.7739390125964558e-65
4.34010263644744e7	6.717887406594616e-65
4.381942421619436e7	2.5122622101872793e-64
4.424185553847914e7	9.27870937967832e-64
4.466835921509635e7	3.384949510082369e-63
4.509897450466355e7	1.219860013324242e-62
4.553374104426248e7	4.343218129888891e-62
4.597269885308718e7	1.527943644897389e-61
4.641588833612782e7	5.311861905593427e-61
4.686335028788954e7	1.825068628901456e-60
4.7315125896148026e7	6.19802571646347e-60
4.777125674574048e7	2.080738949697348e-59
4.823178482239309e7	6.905890812564195e-59
4.869675251658631e7	2.2662461926521287e-58
4.9166202627456404e7	7.35405148424246e-58
4.964017836673511e7	2.3600702159908277e-57
5.011872336272725e7	7.491139756313655e-57
5.0601881664326236e7	2.3520209711018065e-56
5.108969774506924e7	7.305500206225982e-56
5.158221650723061e7	2.2450133802148857e-55
5.207948328595465e7	6.826410851886655e-55
5.258154385342927e7	2.054065585889079e-54
5.3088444423098795e7	6.116853034884064e-54
5.360023165391796e7	1.8029209675023006e-53
5.4116952654646374e7	5.260207458165412e-53
5.46386549881854e7	1.5193184961813257e-52
5.516538667595586e7	4.3446657699179194e-52
5.569719620231798e7	1.2301751258666639e-51
5.623413251903491e7	3.449225302017027e-51
5.677624504977816e7	9.577692231370569e-51
5.732358369467708e7	2.6340567960613823e-50
5.787619883491209e7	7.17553361745461e-50
5.8434141337351754e7	1.9363665374035853e-49
5.8997462559235595e7	5.176835213440673e-49
5.956621435290109e7	1.3712708862884176e-48
6.014044907055618e7	3.5991726406309977e-48
6.072021956909884e7	9.361395869457691e-48
6.130557921498202e7	2.413096494411339e-47
6.18965818891261e7	6.165129307768493e-47
6.249328199187798e7	1.5612772673568644e-46
6.3095734448019296e7	3.919447012077944e-46
6.37039947118217e7	9.754672508866995e-46
6.431811877215091e7	2.4070194451477196e-45
6.493816315762113e7	5.889264298567279e-45
6.556418494179785e7	1.4288683778807394e-44
6.619624174845146e7	3.438016805988504e-44
6.6834391756861486e7	8.204325451403027e-44
6.747869370717137e7	1.9419188282850393e-43
6.812920690579608e7	4.55938684113021e-43
6.878599123088081e7	1.0619462384459701e-42
6.944910713781214e7	2.4538757288511484e-42
7.011861566478363e7	5.6258668694980974e-42
7.079457843841374e7	1.279810830059218e-41
7.147705767941861e7	2.889041877315436e-41
7.216611620833883e7	6.472105569109977e-41
7.286181745132273e7	1.438973233560996e-40
7.356422544596422e7	3.1754594558442512e-40
7.427340484719673e7	6.9556581265368295e-40
7.498942093324558e7	1.5124410406501902e-39
7.571233961163601e7	3.264808589907755e-39
7.644222742525995e7	6.996909000495181e-39
7.717915155850127e7	1.488859972240867e-38
7.79231798434194e7	3.145793576297049e-38
7.867438076599394e7	6.600314893958115e-38
7.943282347242822e7	1.3752644167604987e-37
8.019857777551351e7	2.8459262684027386e-37
8.097171416105618e7	5.849321149430378e-37
8.175230379436493e7	1.1941527888896358e-36
8.25404185268019e7	2.4216696114847406e-36
8.333613090239559e7	4.8786328865919816e-36
8.413951416451947e7	9.764208895633313e-36
8.49506422626333e7	1.9415957986118192e-35
8.576958985908946e7	3.8361035877317283e-35
8.659643233600654e7	7.531096554961791e-35
8.743124580220732e7	1.4692269429065619e-34
8.82741071002246e7	2.848449146973928e-34
8.91250938133746e7	5.4883634742874e-34
8.998428427289744e7	1.051036290301872e-33
9.085175756516862e7	2.0005914449437288e-33
9.172759353897804e7	3.78521112667279e-33
9.261187281287937e7	7.119307135093074e-33
9.350467678261195e7	1.331146788579668e-32
9.440608762859227e7	2.474452995623539e-32
9.531618832347882e7	4.573216029094868e-32
9.623506263980888e7	8.403833746250738e-32
9.716279515771058e7	1.5355719221006179e-31
9.809947127268784e7	2.790123133503525e-31
9.904517720348015e7	5.041506970900689e-31
1.e8	9.059500300313163e-31
1.0096402755134483e8	1.6191155350384574e-30
1.0193734859388717e8	2.8780861970989595e-30
1.0292005271944265e8	5.088672895474123e-30
1.0391223038351668e8	8.949571888747459e-30
1.0491397291363113e8	1.5657375572764106e-29
1.0592537251772897e8	2.725062352806644e-29
1.0694652229266451e8	4.7184163694181386e-29
1.0797751623277093e8	8.128301297504314e-29
1.0901844923851268e8	1.3931831249637089e-28
1.100694171252208e8	2.3759782564458952e-28
1.1113051663191305e8	4.032026032687972e-28
1.1220184543019652e8	6.808812395324664e-28
1.1328350213326095e8	1.144213200334146e-27
1.1437558630495389e8	1.9135960226129147e-27
1.1547819846894582e8	3.185086773140686e-27
1.165914401179831e8	5.27642503839253e-27
1.1771541372323017e8	8.700122640220532e-27
1.1885022274370165e8	1.427899004469721e-26
1.1999597163578562e8	2.3327884245637387e-26
1.2115276586285901e8	3.793831203564433e-26
1.2232071190499325e8	6.142205091834997e-26
1.2349991726875852e8	9.899949181295397e-26
1.2469049049711742e8	1.5886289249795946e-25
1.2589254117941661e8	2.538114119785889e-25
1.2710617996147431e8	4.0375429822527566e-25
1.2833151855576539e8	6.39526416481561e-25
1.2956866975170216e8	1.0086789184445916e-24
1.3081774742601955e8	1.5842297564252542e-24
1.3207886655325507e8	2.4778306849152882e-24
1.333521432163324e8	3.8594963157571e-24
1.3463769461724666e8	5.9870421785060435e-24
1.3593563908785242e8	9.249828152464934e-24
1.3724609610075596e8	1.4233492753127252e-23
1.3856918628031245e8	2.1815362419759106e-23
1.3990503141372958e8	3.330450647218075e-23
1.4125375446227553e8	5.0646510947265454e-23
1.4261547957260084e8	7.672169742118736e-23
1.4399033208816326e8	1.1577773298522524e-22
1.4537843856076607e8	1.740547670134346e-22
1.4677992676220676e8	2.606853152562001e-22
1.4819492569603878e8	3.889847270103758e-22
1.4962356560944358e8	5.782948071184877e-22
1.5106597800522313e8	8.566078947717012e-22
1.5252229565390196e8	1.2642880147390804e-21
1.539926526059492e8	1.859328488534657e-21
1.5547718420411727e8	2.7247535308076623e-21
1.569760270959001e8	3.979000776540683e-21
1.584893192461111e8	5.790433583064505e-21
1.6001719994958246e8	8.397554448214909e-21
1.615598098439876e8	1.2137061152994758e-20
1.6311729092278397e8	1.7482654229296273e-20
1.6468978654828689e8	2.509853231109884e-20
1.6627744146486336e8	3.5912884850022984e-20
1.678804018122559e8	5.121851900396468e-20
1.6949881513903442e8	7.281018132827408e-20
1.7113283041617846e8	1.0317133903991488e-19
1.727825980507866e8	1.4572740709018988e-19
1.744482698999256e8	2.0518795058429924e-19
1.7612999928460523e8	2.880076471421409e-19
1.7782794100389227e8	4.030052581913059e-19
1.7954225134915903e8	5.621921647732622e-19
1.812730881184697e8	7.818779744483269e-19
1.830206106311053e8	1.084141314859306e-18
1.847849797422287e8	1.4987804728337915e-18
1.865663578576915e8	2.065892617698352e-18
1.883649089489802e8	2.839273968285631e-18
1.9018079856831396e8	3.890888924968289e-18
1.920141938638801e8	5.316726999024612e-18
1.9386526359522057e8	7.244456183675226e-18
1.9573417814876577e8	9.843394983052253e-18
1.9762110955351904e8	1.3337468508328347e-17
1.9952623149688828e8	1.8021994060782686e-17
2.0144971934067833e8	2.4285367259109254e-17
2.033917501372293e8	3.263700178354206e-17
2.053525026457146e8	4.3743227283589435e-17
2.073321573485954e8	5.847328679784532e-17
2.0933089646823347e8	7.795811635713452e-17
2.1134890398366433e8	1.0366525843293836e-16
2.1338636564753217e8	1.3749408538468348e-16
2.1544346900318867e8	1.818965224230712e-16
2.1752040340195245e8	2.4002970173817714e-16
2.1961736002054366e8	3.1594849790182184e-16
2.2173453187867785e8	4.1484774597937593e-16
2.238721138568338e8	5.43366194997629e-16
2.260303027141917e8	7.099669797312635e-16
2.2820929710674554e8	9.254126965774673e-16
2.3040929760558495e8	1.2033571533382407e-15
2.3263050671536288e8	1.561080665323896e-15
2.3487312889293203e8	2.0204015096053873e-15
2.3713737056616554e8	2.608803074623095e-15
2.3942344015295804e8	3.3608244291237862e-15
2.4173154808041012e8	4.319771926191979e-15
2.4406190680419764e8	5.539821014124169e-15
2.4641473082812762e8	7.088591354702333e-15
2.48790236723884e8	9.05029465318528e-15
2.511886431509582e8	1.1529573928372994e-14
2.536101708767827e8	1.4656175678155755e-14
2.5605504279704756e8	1.8590623093009273e-14
2.5852348395621887e8	2.3531089754389054e-14
2.610157215682533e8	2.9721709830657104e-14
2.6353198503751385e8	3.7462603447365023e-14
2.660725059798814e8	4.712194556212153e-14
2.686375182440811e8	5.915046433214463e-14
2.71227257933203e8	7.409882176572432e-14
2.738419634264361e8	9.263840667705366e-14
2.764818754010106e8	1.15586159047777e-13
2.7914723685435116e8	1.4393414743461524e-13
2.8183829312644494e8	1.7888473882793033e-13
2.8455529192242384e8	2.218923353289511e-13
2.8729848333536685e8	2.747128063659834e-13
2.900681198693156e8	3.3946192130983965e-13
2.9286445646252376e8	4.186842879466195e-13
2.9568775051091874e8	5.154345302303468e-13
2.985382618917957e8	6.333726972752516e-13
3.014162529877386e8	7.768761881530644e-13
3.043219887107729e8	9.511708075528363e-13
3.072557365267452e8	1.1624839398850914e-12
3.102177664799504e8	1.4182232484948292e-12
3.132083512179837e8	1.7271847771170426e-12
3.1622776601683795e8	2.0997948578960842e-12
3.1927628880624247e8	2.5483908198191896e-12
3.223542001952459e8	3.0875461493362796e-12
3.254617834980453e8	3.734446487926181e-12
3.285993247600647e8	4.509323666198374e-12
3.3176711278428614e8	5.435955878314621e-12
3.349654391578279e8	6.542243102034008e-12
3.3819459827879256e8	7.860867976747318e-12
3.414548873833601e8	9.430053573410921e-12
3.447466065731491e8	1.1294430835627208e-11
3.480700588428406e8	1.350602995000421e-11
3.514255501080691e8	1.612541152665875e-11
3.5481338923357606e8	1.9222955248001665e-11
3.582338880616481e8	2.288032558438236e-11
3.616873614408161e8	2.7192136313451916e-11
3.651741272548377e8	3.2267837836295536e-11
3.6869450645195735e8	3.8233853883101855e-11
3.72248823074449e8	4.5235996839366385e-11
3.7583740428844357e8	5.3442193928979266e-11
3.7946058041404337e8	6.304555966742865e-11
3.831186849557293e8	7.426785344918263e-11
3.8681205463305247e8	8.736336484969401e-11
3.905410294116381e8	1.0262327322083048e-10
3.94305952534472e8	1.2038053245227705e-10
3.981071705534969e8	1.410153363750907e-10
4.0194503336151195e8	1.6496122521016979e-10
4.0581989422438073e8	1.927118987279548e-10
4.097321098135422e8	2.2482880739921107e-10
4.1368204023885113e8	2.6194959879365813e-10
4.1767004908171904e8	3.0479750283504347e-10
4.2169650342858225e8	3.5419174626143437e-10
4.257617739046915e8	4.1105909377791295e-10
4.298662347082272e8	4.76446620937046e-10
4.3401026364474314e8	5.515358317497955e-10
4.381942421619427e8	6.376582424248419e-10
4.424185553847923e8	7.363125614654206e-10
4.466835921509635e8	8.491836056257045e-10
4.509897450466355e8	9.78163100950699e-10
4.5533741044262487e8	1.125372528294371e-9
4.597269885308718e8	1.293188183338563e-9
4.641588833612773e8	1.484268632215228e-9
4.6863350287889636e8	1.701584755369583e-9
4.731512589614813e8	1.9484525842870605e-9
4.777125674574048e8	2.2285691481410605e-9
4.823178482239309e8	2.54605156028787e-9
4.869675251658631e8	2.9054795878419518e-9
4.916620262745641e8	3.3119419612875915e-9
4.9640178366735107e8	3.771086695215805e-9
5.011872336272715e8	4.2891757058005835e-9
5.060188166432613e8	4.8731440255287024e-9
5.108969774506935e8	5.530663930952169e-9
5.158221650723061e8	6.270214314830906e-9
5.207948328595465e8	7.101155649905129e-9
5.2581543853429276e8	8.033810907760407e-9
5.308844442309879e8	9.079552812640877e-9
5.360023165391785e8	1.0250897826746515e-8
5.411695265464648e8	1.1561607280376383e-8
5.463865498818551e8	1.3026796077301736e-8
5.516538667595586e8	1.46630494228224e-8
5.569719620231798e8	1.648854803917224e-8
5.623413251903491e8	1.8523202350139076e-8
5.677624504977816e8	2.0788796133962227e-8
5.732358369467708e8	2.330914016071148e-8
5.787619883491197e8	2.6110236353185478e-8
5.843414133735163e8	2.9220452986741633e-8
5.899746255923572e8	3.267071158119572e-8
5.956621435290109e8	3.64946859532995e-8
6.014044907055618e8	4.072901411469376e-8
6.072021956909884e8	4.541352359623275e-8
6.130557921498202e8	5.0591470834460084e-8
6.189658188912597e8	5.6309795265779176e-8
6.249328199187812e8	6.261938878712326e-8
6.309573444801943e8	6.957538125662264e-8
6.37039947118217e8	7.723744272027156e-8
6.431811877215091e8	8.56701030630384e-8
6.493816315762113e8	9.494308979451738e-8
6.556418494179785e8	1.0513168468993434e-7
6.619624174845146e8	1.1631710001038077e-7
6.683439175686135e8	1.285868750832054e-7
6.747869370717123e8	1.4203529388719633e-7
6.812920690579622e8	1.567638245348062e-7
6.878599123088082e8	1.7288158130885216e-7
6.944910713781214e8	1.9050581006050983e-7
7.011861566478363e8	2.0976239773069613e-7
7.079457843841373e8	2.307864067663624e-7
7.147705767941846e8	2.537226352050223e-7
7.216611620833898e8	2.7872620319868857e-7
7.286181745132289e8	3.059631667504427e-7
7.356422544596422e8	3.3561115943087083e-7
7.427340484719672e8	3.678600628392205e-7
7.498942093324559e8	4.029127065683419e-7
7.571233961163601e8	4.409855984254133e-7
7.644222742525994e8	4.823096856522837e-7
7.717915155850111e8	5.271311478794222e-7
7.792317984341924e8	5.757122225362795e-7
7.86743807659941e8	6.283320634282581e-7
7.943282347242821e8	6.85287633176161e-7
8.019857777551352e8	7.468946301989403e-7
8.097171416105617e8	8.134884509027828e-7
8.175230379436493e8	8.854251877218813e-7
8.254041852680173e8	9.630826636359645e-7
8.333613090239576e8	1.046861503768635e-6
8.413951416451964e8	1.1371862446476545e-6
8.49506422626333e8	1.2345064816851843e-6
8.576958985908946e8	1.3392980554076133e-6
8.659643233600653e8	1.4520642769519111e-6
8.743124580220731e8	1.5733371932814974e-6
8.82741071002246e8	1.7036788926017781e-6
8.912509381337441e8	1.8436828503731261e-6
8.998428427289726e8	1.9939753163174444e-6
9.08517575651688e8	2.1552167427735034e-6
9.172759353897803e8	2.3281032547238307e-6
9.261187281287937e8	2.513368161783788e-6
9.350467678261195e8	2.7117835124063843e-6
9.440608762859226e8	2.924161690523554e-6
9.531618832347863e8	3.1513570548072456e-6
9.623506263980907e8	3.3942676206979303e-6
9.716279515771078e8	3.653836785310273e-6
9.809947127268784e8	3.9310550952909505e-6
9.904517720348015e8	4.226962057662196e-6
1.e9	4.5426479936507986e-6
1.0096402755134482e9	4.87925593546241e-6
1.0193734859388716e9	5.2379835659239775e-6
1.0292005271944265e9	5.620085200879566e-6
1.0391223038351669e9	6.026873814187486e-6
1.0491397291363113e9	6.459723105131098e-6
1.0592537251772897e9	6.920069608014354e-6
1.0694652229266452e9	7.40941484368702e-6
1.0797751623277094e9	7.929327512697648e-6
1.0901844923851268e9	8.481445729747334e-6
1.100694171252208e9	9.067479299079548e-6
1.1113051663191304e9	9.689212030410378e-6
1.1220184543019652e9	0.00001034850409497066
1.1328350213326094e9	0.000011047294421207105
1.1437558630495389e9	0.000011787603129652186
1.1547819846894581e9	0.000012571534006454213
1.165914401179831e9	0.00001340127701502939
1.1771541372323017e9	0.000014279110845274633
1.1885022274370165e9	0.000015207405499759403
1.1999597163578563e9	0.000016188624916294135
1.21152765862859e9	0.000017225329626255997
1.2232071190499325e9	0.000018320179448034473
1.234999172687585e9	0.000019475936214954847
1.246904904971174e9	0.000020695466537011576
1.258925411794166e9	0.000021981744595750758
1.2710617996147432e9	0.000023337854971625798
1.283315185557654e9	0.000024766995503149858
1.2956866975170217e9	0.00002627248017716529
1.3081774742601955e9	0.000027857742049562945
1.3207886655325506e9	0.000029526336195770003
1.333521432163324e9	0.000031281942690352016
1.3463769461724665e9	0.00003312836961507495
1.359356390878524e9	0.00003506955609478946
1.3724609610075598e9	0.000037109575360520986
1.3856918628031244e9	0.00003925263783913434
1.3990503141372957e9	0.00004150309426906083
1.4125375446227555e9	0.00004386543884148331
1.4261547957260084e9	0.000046344312366411405
1.4399033208816326e9	0.00004894450546328032
1.4537843856076605e9	0.000051670961775505955
1.4677992676220675e9	0.00005452878120862265
1.481949256960388e9	0.000057523223191619284
1.496235656094436e9	0.00006065970996113119
1.510659780052231e9	0.00006394382986822123
1.5252229565390198e9	0.00006738134070748525
1.5399265260594919e9	0.00007097817306831707
1.5547718420411727e9	0.00007474043370819638
1.569760270959001e9	0.00007867440894792724
1.5848931924611108e9	0.00008278656808881932
1.6001719994958246e9	0.00008708356685186184
1.615598098439876e9	0.00009157225083900989
1.6311729092278397e9	0.00009625965901675984
1.646897865482869e9	0.00010115302722230926
1.6627744146486335e9	0.00010625979169250712
1.6788040181225588e9	0.00011158759261624151
1.6949881513903444e9	0.00011714427771044096
1.7113283041617844e9	0.00012293790582046697
1.7278259805078661e9	0.00012897675054543295
1.744482698999256e9	0.00013526930388921456
1.7612999928460524e9	0.00014182427993790148
1.7782794100389228e9	0.0001486506185646091
1.7954225134915903e9	0.00015575748916259928
1.812730881184697e9	0.0001631542944077641
1.830206106311053e9	0.00017085067405161027
1.847849797422287e9	0.000178856508745966
1.8656635785769148e9	0.0001871819239007205
1.8836490894898021e9	0.00019583729357598105
1.9018079856831396e9	0.00020483324441017287
1.920141938638801e9	0.00021418065958559476
1.9386526359522057e9	0.00022389068283313219
1.9573417814876575e9	0.00023397472247786081
1.9762110955351903e9	0.00024444445552737577
1.9952623149688828e9	0.00025531183180473976
2.0144971934067833e9	0.00026658907812812313
2.033917501372293e9	0.0002782887025391302
2.0535250264571462e9	0.0002904234985820578
2.073321573485954e9	0.0003030065496363067
2.0933089646823347e9	0.00031605123330429453
2.1134890398366432e9	0.0003295712258572805
2.1338636564753218e9	0.0003435805067416032
2.1544346900318866e9	0.00035809336314790864
2.1752040340195246e9	0.0003731243946459846
2.1961736002054367e9	0.0003886885178880156
2.2173453187867785e9	0.000404800971382939
2.238721138568338e9	0.0004214773203448609
2.260303027141917e9	0.0004387334616184367
2.2820929710674553e9	0.00045658562868423994
2.3040929760558496e9	0.00047505039674715404
2.326305067153629e9	0.0004941446879110289
2.3487312889293203e9	0.0005138857764426733
2.3713737056616554e9	0.0005342912941285486
2.39423440152958e9	0.0005553792357274498
2.4173154808041015e9	0.0005771679645225713
2.4406190680419765e9	0.000599676217976385
2.464147308281276e9	0.0006229231134918449
2.4879023672388396e9	0.000646928154283464
2.511886431509582e9	0.0006717112353618111
2.536101708767827e9	0.0006972926496352308
2.5605504279704757e9	0.0007236930941322888
2.5852348395621886e9	0.0007509336763488363
2.6101572156825333e9	0.0007790359207234393
2.6353198503751383e9	0.0008080217752450266
2.660725059798814e9	0.0008379136181964902
2.6863751824408107e9	0.0008687342650388593
2.71227257933203e9	0.0009005069754385017
2.7384196342643614e9	0.0009332554604432441
2.7648187540101056e9	0.0009670038898101196
2.791472368543512e9	0.001001776899489363
2.818382931264449e9	0.0010375995992686952
2.8455529192242384e9	0.0010744975805820809
2.8729848333536687e9	0.001112496924487177
2.9006811986931562e9	0.0011516242098156388
2.9286445646252375e9	0.0011919065215008037
2.956877505109187e9	0.0012333714590867747
2.9853826189179573e9	0.0012760471454235061
3.014162529877386e9	0.0013199622355522004
3.0432198871077285e9	0.0013651459257855187
3.072557365267452e9	0.0014116279629869547
3.1021776647995043e9	0.0014594386540542144
3.132083512179837e9	0.0015086088756107784
3.1622776601683793e9	0.0015591700839105594
3.1927628880624247e9	0.0016111543249603068
3.2235420019524593e9	0.0016645942448638043
3.2546178349804535e9	0.0017195231003943319
3.2859932476006474e9	0.0017759747697979023
3.3176711278428617e9	0.001833983763833858
3.3496543915782795e9	0.001893585237056904
3.3819459827879257e9	0.0019548149993460174
3.4145488738336005e9	0.0020177095276847417
3.447466065731491e9	0.0020823059781983075
3.480700588428406e9	0.0021486421984525414
3.5142555010806913e9	0.0022167567400198447
3.5481338923357606e9	0.0022866888713172473
3.5823388806164804e9	0.002358478590722348
3.616873614408161e9	0.002432166639971904
3.651741272548377e9	0.0025077945178489593
3.686945064519573e9	0.002585404494163886
3.72248823074449e9	0.0026650396240349124
3.7583740428844357e9	0.00274674376247387
3.794605804140434e9	0.0028305615792828644
3.831186849557293e9	0.0029165385742677885
3.868120546330525e9	0.0030047210927743252
3.905410294116381e9	0.003095156341553065
3.94305952534472e9	0.0031878924049590592
3.9810717055349693e9	0.00328297826149258
4.0194503336151195e9	0.0033804638006871535
4.0581989422438073e9	0.003480399840351349
4.0973210981354218e9	0.0035828381441705744
4.136820402388511e9	0.00368783143967609
4.17670049081719e9	0.003795433436587175
4.2169650342858224e9	0.0039056988455338374
4.2576177390469155e9	0.004018683397166846
4.298662347082273e9	0.004134443861662113
4.340102636447432e9	0.004253038068626701
4.381942421619428e9	0.0043745249274137225
4.424185553847923e9	0.004498964447853676
4.466835921509635e9	0.004626417761409455
4.509897450466355e9	0.00475694714276361
4.553374104426249e9	0.00489061603184459
4.597269885308718e9	0.005027489056300879
4.641588833612773e9	0.0051676320544307985
4.686335028788963e9	0.005311112098576416
4.731512589614813e9	0.005457997518989753
4.777125674574048e9	0.005608357928180713
4.823178482239309e9	0.005762264245754473
4.869675251658631e9	0.005919788723748085
4.916620262745641e9	0.006081004972475158
4.964017836673511e9	0.006245987986887987
5.011872336272715e9	0.006414814173466634
5.060188166432613e9	0.006587561377644659
5.108969774506935e9	0.0067643089117814335
5.158221650723061e9	0.006945137583690737
5.207948328595465e9	0.007130129725736956
5.258154385342927e9	0.0073193692245079045
5.308844442309879e9	0.007512941551076122
5.360023165391785e9	0.0077109337918589834
5.411695265464648e9	0.007913434680089051
5.463865498818551e9	0.008120534627905362
5.516538667595586e9	0.008332325759078543
5.569719620231798e9	0.008548901942379934
5.623413251903491e9	0.008770358825607817
5.677624504977817e9	0.008996793870282729
5.732358369467708e9	0.009228306387024337
5.787619883491197e9	0.00946499757162267
5.843414133735163e9	0.009706970541816731
5.899746255923572e9	0.009954330374793893
5.95662143529011e9	0.010207184145422921
6.014044907055617e9	0.010465640965236136
6.0720219569098835e9	0.010729812022172632
6.130557921498202e9	0.010999810621098472
6.189658188912597e9	0.011275752225117992
6.249328199187811e9	0.011557754497691293
6.309573444801943e9	0.01184593734557255
6.37039947118217e9	0.012140422962586361
6.431811877215091e9	0.012441335874255851
6.493816315762114e9	0.012748802983300174
6.556418494179785e9	0.01306295361601747
6.619624174845145e9	0.013383919569570227
6.683439175686135e9	0.01371183516019
6.747869370717123e9	0.014046837272319236
6.812920690579622e9	0.01438906540870807
6.878599123088081e9	0.014738661741483566
6.944910713781214e9	0.015095771164211942
7.011861566478363e9	0.015460541344970147
7.079457843841373e9	0.01583312278044789
7.147705767941846e9	0.016213668851099365
7.216611620833899e9	0.016602335877364753
7.286181745132289e9	0.016999283176981163
7.356422544596421e9	0.017404673123406416
7.427340484719672e9	0.01781867120537346
7.498942093324558e9	0.018241446087600022
7.571233961163601e9	0.018673169672674197
7.644222742525994e9	0.01911401716413909
7.717915155850112e9	0.01956416713079939
7.792317984341925e9	0.020023801572273445
7.86743807659941e9	0.02049310598581493
7.943282347242822e9	0.02097226943442738
8.019857777551352e9	0.021461484616299462
8.097171416105618e9	0.021960947935582457
8.175230379436493e9	0.02247085957453881
8.254041852680173e9	0.022991423567086878
8.333613090239576e9	0.023522847873769306
8.413951416451964e9	0.02406534445817123
8.4950642262633295e9	0.024619129364819393
8.576958985908946e9	0.025184422798586518
8.659643233600653e9	0.025761449205633134
8.743124580220732e9	0.02635043735591557
8.82741071002246e9	0.026951620427289835
8.91250938133744e9	0.027565236091243284
8.998428427289726e9	0.02819152660028451
9.08517575651688e9	0.028830738877024347
9.172759353897804e9	0.029483124604978983
9.261187281287937e9	0.030148940321132283
9.350467678261196e9	0.03082844751028624
9.440608762859226e9	0.03152191270123798
9.531618832347862e9	0.032229607564817055
9.623506263980907e9	0.03295180901381979
9.716279515771078e9	0.03368879930487513
9.809947127268784e9	0.03444086614228435
9.904517720348015e9	0.03520830278386667
1.e10	0.0359914081488538
1.0096402755134481e10	0.03679048692787174
1.0193734859388716e10	0.037605849695050174
1.0292005271944265e10	0.03843781302230092
1.039122303835167e10	0.03928669959580711
1.0491397291363113e10	0.04015283833476683
1.0592537251772898e10	0.04103656451243169
1.069465222926645e10	0.041938219879491555
1.0797751623277094e10	0.04285815278984256
1.0901844923851267e10	0.043796718328790146
1.1006941712522081e10	0.04475427844373281
1.1113051663191305e10	0.045731202077374584
1.1220184543019653e10	0.04672786530351304
1.1328350213326096e10	0.04774465146545914
1.1437558630495388e10	0.04878195131713137
1.1547819846894583e10	0.04984016316688218
1.1659144011798311e10	0.050919693024107274
1.1771541372323017e10	0.05202095474869214
1.1885022274370165e10	0.0531443702033507
1.1999597163578562e10	0.05429036940891201
1.21152765862859e10	0.055459390702613
1.2232071190499325e10	0.056651880899451924
1.234999172687585e10	0.05786829545666991
1.246904904971174e10	0.05910909864141093
1.2589254117941662e10	0.06037476370162923
1.2710617996147432e10	0.061665773040304385
1.2833151855576538e10	0.06298261839302886
1.2956866975170216e10	0.06432580100903028
1.3081774742601955e10	0.0656958318357032
1.3207886655325506e10	0.06709323170670756
1.333521432163324e10	0.0685185315337107
1.3463769461724665e10	0.0699722725018407
1.3593563908785242e10	0.07145500626892345
1.3724609610075598e10	0.07296729516857664
1.3856918628031244e10	0.07450971241723547
1.3990503141372957e10	0.07608284232518706
1.4125375446227554e10	0.07768728051168672
1.4261547957260084e10	0.07932363412424621
1.4399033208816326e10	0.08099252206216068
1.4537843856076607e10	0.0826945752043662
1.4677992676220675e10	0.08443043664170893
1.4819492569603878e10	0.08620076191371186
1.4962356560944359e10	0.08800621924992187
1.5106597800522312e10	0.08984748981593788
1.5252229565390198e10	0.09172526796419465
1.539926526059492e10	0.09364026148960698
1.5547718420411726e10	0.09559319189016235
1.569760270959001e10	0.09758479463256065
1.5848931924611109e10	0.09961581942299666
1.6001719994958244e10	0.10168703048318699
1.6155980984398762e10	0.1037992068317559
1.6311729092278397e10	0.10595314257095365
1.646897865482869e10	0.1081496471792413
1.6627744146486336e10	0.11038954580915433
1.678804018122559e10	0.11267367959116098
1.6949881513903442e10	0.11500290594335394
1.7113283041617846e10	0.11737809888714064
1.7278259805078663e10	0.11980014936904196
1.7444826989992558e10	0.12226996558873313
1.7612999928460526e10	0.12478847333342834
1.778279410038923e10	0.1273566163187452
1.79542251349159e10	0.1299753565361706
1.812730881184697e10	0.13264567460725604
1.830206106311053e10	0.13536857014467232
1.847849797422287e10	0.13814506212025776
1.865663578576915e10	0.14097618924019506
1.883649089489802e10	0.14386301032744972
1.9018079856831398e10	0.1468066047116265
1.9201419386388012e10	0.1498080726263656
1.9386526359522057e10	0.15286853561444158
1.9573417814876575e10	0.15598913694308802
1.9762110955351902e10	0.15917104201549162
1.9952623149688828e10	0.16241543881390785
2.0144971934067833e10	0.16572353832784195
2.033917501372293e10	0.16909657500219907
2.053525026457146e10	0.17253580719180098
2.073321573485954e10	0.17604251762470616
2.0933089646823345e10	0.17961801387450274
2.1134890398366432e10	0.18326362884175118
2.1338636564753216e10	0.1869807212447521
2.1544346900318867e10	0.1907706761198212
2.1752040340195244e10	0.19463490533124794
2.1961736002054367e10	0.1985748480911473
2.2173453187867786e10	0.2025919714893658
2.2387211385683376e10	0.20668777103365996
2.260303027141917e10	0.2108637712003375
2.2820929710674557e10	0.21512152599556503
2.3040929760558495e10	0.21946261952754156
2.3263050671536285e10	0.22388866658977286
2.34873128892932e10	0.22840131326791624
2.3713737056616554e10	0.23300223749891538
2.3942344015295803e10	0.23769314975606456
2.417315480804101e10	0.24247579363596958
2.440619068041976e10	0.2473519465107686
2.4641473082812763e10	0.25232342018255643
2.4879023672388397e10	0.25739206155048616
2.511886431509582e10	0.2625597532907846
2.536101708767827e10	0.26782841454996215
2.5605504279704754e10	0.27320000165142727
2.5852348395621887e10	0.2786765088158043
2.6101572156825333e10	0.28425996889519944
2.6353198503751385e10	0.28995245412169435
2.660725059798814e10	0.2957560768703289
2.6863751824408104e10	0.3016729904368855
2.7122725793320297e10	0.3077053898307205
2.7384196342643612e10	0.31385551258296235
2.764818754010106e10	0.320125639570367
2.791472368543512e10	0.3265180958551318
2.8183829312644493e10	0.33303525154097857
2.8455529192242382e10	0.33967952264582135
2.8729848333536686e10	0.34645337199134263
2.900681198693156e10	0.353359310109787
2.9286445646252373e10	0.360399896168353
2.9568775051091873e10	0.36757773891146145
2.9853826189179573e10	0.37489549762129365
3.0141625298773857e10	0.38235588309693364
3.0432198871077286e10	0.3899616586524853
3.072557365267452e10	0.39771564113450264
3.1021776647995045e10	0.40562070195917066
3.132083512179837e10	0.4136797681695423
3.1622776601683792e10	0.4218958235132731
3.192762888062425e10	0.4302719095412334
3.2235420019524593e10	0.4388111267274009
3.2546178349804535e10	0.4475166356104513
3.2859932476006474e10	0.45639165795746367
3.3176711278428616e10	0.46543947795017254
3.3496543915782795e10	0.4746634433941849
3.3819459827879257e10	0.4840669669516577
3.4145488738336006e10	0.4936535273978222
3.447466065731491e10	0.5034266709018647
3.480700588428406e10	0.5133900123326228
3.5142555010806915e10	0.5235472365895778
3.5481338923357605e10	0.5339020999596126
3.58233888061648e10	0.544458431500095
3.616873614408161e10	0.5552201344487171
3.651741272548377e10	0.5661911876606619
3.686945064519573e10	0.5773756478124671
3.72248823074449e10	0.5887776479662143
3.758374042884435e10	0.6004014034402853
3.7946058041404335e10	0.6122512104953477
3.831186849557293e10	0.6243314486239071
3.868120546330525e10	0.6366465821628117
3.905410294116381e10	0.6492011611558323
3.94305952534472e10	0.6619998261829055
3.981071705534969e10	0.6750473053085477
4.01945033361512e10	0.6883484190077993
4.058198942243807e10	0.7019080811436273
4.097321098135422e10	0.7157313007761809
4.136820402388512e10	0.729823184007154
4.1767004908171906e10	0.7441889358598214
4.216965034285822e10	0.7588338621955276
4.2576177390469154e10	0.7737633716672981
4.298662347082272e10	0.7889829777112968
4.340102636447431e10	0.8044983005768657
4.3819424216194275e10	0.8203150693958947
4.424185553847923e10	0.8364391242922848
4.466835921509635e10	0.8528764185322477
4.509897450466355e10	0.8696330207163303
4.553374104426248e10	0.8867151170138396
4.597269885308718e10	0.9041290134405877
4.641588833612772e10	0.9218811381807562
4.686335028788963e10	0.9399780439537578
4.7315125896148125e10	0.9584264104269021
4.777125674574048e10	0.9772330466748903
4.823178482239309e10	0.9964048936868736
4.869675251658631e10	1.0159490269221279
4.9166202627456406e10	1.0358726589152234
4.964017836673511e10	1.0561831419316738
5.011872336272715e10	1.076887970675029
5.060188166432613e10	1.0979947850464131
5.108969774506934e10	1.1195113729575394
5.1582216507230606e10	1.1414456731981688
5.207948328595465e10	1.1638057783592157
5.2581543853429276e10	1.186599937812395
5.308844442309879e10	1.2098365607476356
5.360023165391785e10	1.2335242192693365
5.4116952654646484e10	1.2576716515526094
5.463865498818551e10	1.282287765060626
5.5165386675955864e10	1.307381639824392
5.569719620231798e10	1.3329625317859621
5.6234132519034904e10	1.359039876206473
5.677624504977816e10	1.3856232911402
5.732358369467708e10	1.4127225809759008
5.787619883491197e10	1.4403477400467843
5.843414133735163e10	1.4685089563104108
5.899746255923572e10	1.4972166150998887
5.956621435290109e10	1.5264813029476971
6.0140449070556175e10	1.5563138114837027
6.072021956909884e10	1.5867251414085715
6.130557921498202e10	1.617726506544225
6.189658188912597e10	1.6493293379627525
6.249328199187811e10	1.681545288195328
6.3095734448019424e10	1.714386235522602
6.37039947118217e10	1.7478642883483475
6.431811877215091e10	1.7819917896576996
6.493816315762113e10	1.8167813215618478
6.556418494179785e10	1.8522457099307343
6.6196241748451454e10	1.8883980291155371
6.683439175686135e10	1.925251606762618
6.747869370717123e10	1.9628200287207418
6.812920690579622e10	2.0011171440433873
6.878599123088081e10	2.040157070087883
6.944910713781213e10	2.0799541977134903
7.011861566478363e10	2.120523196580042
7.079457843841373e10	2.1618790205492977
7.147705767941846e10	2.2040369131909405
7.216611620833897e10	2.2470124133952547
7.286181745132289e10	2.2908213610944568
7.356422544596422e10	2.3354799030950386
7.427340484719673e10	2.3810044990229344
7.498942093324559e10	2.4274119273839525
7.571233961163602e10	2.4747192917415983
7.644222742525995e10	2.522944027014589
7.717915155850111e10	2.5721039058963697
7.792317984341924e10	2.6222170453989975
7.86743807659941e10	2.673301913523832
7.943282347242822e10	2.7253773360613445
8.019857777551352e10	2.7784625035228805
8.097171416105618e10	2.832576978206514
8.175230379436493e10	2.887740701745135
8.254041852680173e10	2.9439740011696034
8.333613090239577e10	3.00129759817125
8.413951416451965e10	3.059732615632837
8.49506422626333e10	3.1193005856607274
8.576958985908946e10	3.180023457512887
8.659643233600653e10	3.2419236056805882
8.743124580220732e10	3.30502383812668
8.827410710022461e10	3.3693474046834337
8.91250938133744e10	3.434918005613116
8.998428427289726e10	3.5017598003343835
9.085175756516881e10	3.569897678912807
9.172759353897803e10	3.6393562270137165
9.261187281287938e10	3.7101610167946655
9.350467678261195e10	3.7823386789805
9.440608762859225e10	3.855915536840731
9.531618832347862e10	3.930918697687141
9.623506263980907e10	4.007375793994401
9.716279515771077e10	4.085314993574184
9.809947127268784e10	4.164765009946708
9.904517720348015e10	4.245755112912885
1.e11	4.3283151393314565
1.0096402755134482e11	4.412475504104892
1.0193734859388716e11	4.4982672113781
1.0292005271944264e11	4.585721865954124
1.039122303835167e11	4.674871684930994
1.0491397291363069e11	4.765749509563991
1.0592537251772897e11	4.858388817357838
1.0694652229266452e11	4.952823734392874
1.0797751623277094e11	5.04908904789048
1.0901844923851268e11	5.147220219021548
1.1006941712522125e11	5.247253395963285
1.1113051663191304e11	5.349225427208784
1.1220184543019653e11	5.4531738751348255
1.1328350213326096e11	5.559137029832129
1.1437558630495389e11	5.667153923203759
1.1547819846894582e11	5.777264343336621
1.1659144011798311e11	5.889508849151371
1.1771541372323016e11	6.003928785336161
1.1885022274370164e11	6.120566297569698
1.1999597163578563e11	6.23946434803923
1.2115276586285852e11	6.360666731259162
1.2232071190499326e11	6.484218090196178
1.2349991726875851e11	6.61016393270653
1.2469049049711742e11	6.738550648292273
1.2589254117941661e11	6.8694255251816045
1.2710617996147484e11	7.00283676774045
1.2833151855576538e11	7.138833514220998
1.2956866975170216e11	7.277465854854691
1.3081774742601955e11	7.418784850295152
1.3207886655325507e11	7.562842550418705
1.333521432163324e11	7.709692013489072
1.3463769461724666e11	7.859387325693342
1.3593563908785242e11	8.011983621056448
1.3724609610075597e11	8.167537101741418
1.3856918628031244e11	8.326105058742979
1.39905031413729e11	8.48774589298197
1.4125375446227554e11	8.652519136808591
1.4261547957260086e11	8.820485475921855
1.4399033208816327e11	8.991706771714359
1.4537843856076605e11	9.166246084049343
1.4677992676220737e11	9.344167694479365
1.481949256960388e11	9.525537129914378
1.4962356560944357e11	9.71042118674912
1.510659780052231e11	9.898887955457148
1.5252229565390198e11	10.09100684566174
1.539926526059492e11	10.286848611692424
1.5547718420411728e11	10.486485378636644
1.569760270959001e11	10.6899906688961
1.5848931924611108e11	10.89743942925764
1.6001719994958246e11	11.10890805848854
1.6155980984398697e11	11.324474435466437
1.6311729092278397e11	11.544217947854355
1.646897865482869e11	11.768219661480487
1.6627744146486334e11	11.996561796621844
1.678804018122559e11	12.229328577900947
1.6949881513903513e11	12.466605726092011
1.7113283041617847e11	12.708480622676262
1.7278259805078662e11	12.955042342016249
1.744482698999256e11	13.206381684152557
1.7612999928460526e11	13.462591208236338
1.7782794100389227e11	13.72376526660957
1.7954225134915903e11	13.99000003954551
1.8127308811846967e11	14.261393570662216
1.8302061063110532e11	14.538045803022229
1.847849797422287e11	14.820058412093214
1.8656635785769073e11	15.107535657277369
1.883649089489802e11	15.400583202132717
1.9018079856831396e11	15.699308962786304
1.920141938638801e11	16.00382294607719
1.9386526359522058e11	16.314237290060472
1.9573417814876657e11	16.630666305296515
1.9762110955351904e11	16.95322651693948
1.9952623149688828e11	17.28203670764254
2.0144971934067834e11	17.617217961293
2.033917501372293e11	17.958893707595305
2.053525026457146e11	18.30718976751777
2.073321573485954e11	18.66223439961963
2.0933089646823346e11	19.02415834727576
2.1134890398366434e11	19.39309488681613
2.1338636564753217e11	19.769179876598045
2.1544346900318777e11	20.152551807028967
2.1752040340195245e11	20.5433518515587
2.1961736002054367e11	20.94172391865855
2.2173453187867786e11	21.347814704809252
2.2387211385683377e11	21.76177374851373
2.2603030271419263e11	22.18375348535732
2.2820929710674554e11	22.613909304133625
2.3040929760558493e11	23.052399604059428
2.3263050671536285e11	23.499385853096456
2.3487312889293204e11	23.955032647403744
2.3713737056616553e11	24.419507771941632
2.3942344015295804e11	24.892982262250076
2.4173154808041013e11	25.375630467423505
2.4406190680419763e11	25.867630114305953
2.4641473082812762e11	26.369162372929797
2.4879023672388297e11	26.88041192322219
2.5118864315095822e11	27.40156702300419
2.5361017087678268e11	27.932819577306095
2.5605504279704755e11	28.474365209027745
2.5852348395621887e11	29.0264033309658
2.610157215682544e11	29.58913721923752
2.6353198503751385e11	30.16277408812581
2.660725059798814e11	30.747525166376505
2.6863751824408105e11	31.343605774971415
2.7122725793320297e11	31.95123540640951
2.7384196342643613e11	32.5706378055235
2.7648187540101056e11	33.202041051862366
2.791472368543512e11	33.845677643669724
2.8183829312644495e11	34.50178458348939
2.845552919224238e11	35.170603465429096
2.8729848333536566e11	35.852380564115194
2.900681198693156e11	36.547366925370646
2.9286445646252374e11	37.2558184586485
2.956877505109187e11	37.97799603125909
2.985382618917957e11	38.714165564419716
3.014162529877398e11	39.46459813116691
3.043219887107728e11	40.229570056163794
3.072557365267452e11	41.00936301744429
3.1021776647995044e11	41.8042641501251
3.132083512179837e11	42.61456615212882
3.1622776601683795e11	43.44056739195468
3.192762888062425e11	44.28257201853737
3.223542001952459e11	45.14089007323424
3.2546178349804535e11	46.015837603981936
3.2859932476006476e11	46.907736781664816
3.317671127842848e11	47.81691601873768
3.3496543915782794e11	48.74371009014735
3.3819459827879254e11	49.688460256594446
3.4145488738336005e11	50.65151439018772
3.447466065731491e11	51.633227102528366
3.4807005884284204e11	52.63395987527837
3.5142555010806915e11	53.654081193255955
3.5481338923357605e11	54.6939666801138
3.582338880616481e11	55.753999236641434
3.616873614408161e11	56.8345691817493
3.651741272548377e11	57.93607439618396
3.6869450645195734e11	59.05892046902698
3.7224882307444904e11	60.20352084703297
3.7583740428844354e11	61.37029698685969
3.794605804140434e11	62.55967851024854
3.831186849557277e11	63.77210336221052
3.868120546330525e11	65.00801797227811
3.905410294116381e11	66.26787741887793
3.94305952534472e11	67.55214559689351
3.9810717055349695e11	68.86129538846902
4.019450333615136e11	70.19580883712536
4.0581989422438074e11	71.5561773252458
4.097321098135422e11	72.94290175500632
4.1368204023885114e11	74.35649273280518
4.1767004908171906e11	75.79747068625959
4.216965034285823e11	77.26636635976007
4.257617739046915e11	78.76372052642377
4.2986623470822723e11	80.29008452647258
4.340102636447431e11	81.84602038151056
4.3819424216194275e11	83.43210100145966
4.424185553847905e11	85.04891039550428
4.466835921509635e11	86.6970438871234
4.509897450466355e11	88.37710833328508
4.553374104426248e11	90.08972234789474
4.597269885308718e11	91.83551652956477
4.641588833612792e11	93.61513369380194
4.6863350287889636e11	95.42922910968763
4.7315125896148126e11	97.2784707411524
4.7771256745740485e11	99.16353949291543
4.823178482239309e11	101.08512946119387
4.869675251658631e11	103.04394818926829
4.916620262745641e11	105.04071692799873
4.964017836673511e11	107.07617090138845
5.011872336272715e11	109.15105957729234
5.060188166432613e11	111.26614694336982
5.108969774506914e11	113.42221178838439
5.158221650723061e11	115.62004798895279
5.207948328595465e11	117.86046480184616
5.258154385342927e11	120.14428716196241
5.308844442309879e11	122.47235598606251
5.3600231653918066e11	124.84552848239665
5.4116952654646484e11	127.26467846632329
5.463865498818551e11	129.73069668205224
5.516538667595586e11	132.244491130612
5.569719620231798e11	134.80698740417495
5.623413251903491e11	137.41912902685914
5.677624504977816e11	140.08187780213257
5.732358369467708e11	142.79621416694803
5.787619883491198e11	145.563137552738
5.843414133735164e11	148.38366675340424
5.899746255923547e11	151.2588403004364
5.95662143529011e11	154.1897168452986
6.014044907055618e11	157.17737554921862
6.072021956909884e11	160.2229164805409
6.130557921498202e11	163.32746101976542
6.189658188912622e11	166.4921522724404
6.249328199187811e11	169.71815549004742
6.309573444801943e11	173.00665849905297
6.37039947118217e11	176.35887213825922
6.431811877215092e11	179.77603070463454
6.493816315762113e11	183.2593924077798
6.556418494179785e11	186.81023983319957
6.619624174845145e11	190.42988041454825
6.683439175686135e11	194.1196469150254
6.747869370717123e11	197.8808979180969
6.812920690579595e11	201.71501832772432
6.878599123088081e11	205.62341987828557
6.944910713781215e11	209.6075416543678
7.011861566478363e11	213.6688506206453
7.079457843841373e11	217.80876477954578
7.147705767941875e11	222.02895523043733
7.216611620833898e11	226.3309062775136
7.286181745132289e11	230.71620191283384
7.356422544596421e11	235.1864568160638
7.427340484719673e11	239.7433169490029
7.498942093324558e11	244.3884601616266
7.571233961163601e11	249.12359680987117
7.644222742525994e11	253.9504703853853
7.717915155850111e11	258.87085815748355
7.792317984341924e11	263.88657182753525
7.867438076599377e11	268.9994581960318
7.943282347242821e11	274.2115880652927
8.019857777551353e11	279.52451469173843
8.097171416105618e11	284.94037208951073
8.175230379436493e11	290.4611543863948
8.254041852680206e11	296.0888943433867
8.333613090239576e11	301.82566410314325
8.413951416451964e11	307.6735759529577
8.49506422626333e11	313.63478310249195
8.576958985908945e11	319.7114804765877
8.659643233600653e11	325.90590552343616
8.743124580220731e11	332.22033903840327
8.827410710022461e11	338.657106003817
8.91250938133744e11	345.218576445022
8.998428427289725e11	351.90716630302205
9.085175756516843e11	358.7253383240253
9.172759353897804e11	365.67560296622855
9.261187281287937e11	372.76051932415345
9.350467678261195e11	379.98269607092016
9.440608762859226e11	387.3447924187455
9.531618832347902e11	394.8495190980688
9.623506263980907e11	402.49963935562647
9.716279515771078e11	410.29796997189715
9.809947127268784e11	418.24738229822174
9.904517720348015e11	426.3508033140378
1.e12	434.6112167045889