1.e7	0.
1.0096402755134482e7	0.
1.0193734859388737e7	0.
1.0292005271944286e7	0.
1.039122303835169e7	0.
1.049139729136309e7	0.
1.0592537251772897e7	0.
1.0694652229266452e7	0.
1.0797751623277094e7	0.
1.0901844923851268e7	0.
1.1006941712522103e7	0.
1.1113051663191281e7	0.
1.122018454301963e7	0.
1.1328350213326072e7	0.
1.1437558630495388e7	0.
1.154781984689458e7	0.
1.1659144011798311e7	0.
1.177154137232304e7	0.
1.188502227437019e7	0.
1.1999597163578587e7	0.
1.2115276586285876e7	0.
1.2232071190499326e7	0.
1.234999172687585e7	0.
1.2469049049711742e7	0.
1.2589254117941663e7	0.
1.2710617996147458e7	0.
1.2833151855576513e7	0.
1.295686697517019e7	0.
1.308177474260193e7	0.
1.3207886655325506e7	0.
1.333521432163324e7	0.
1.3463769461724665e7	0.
1.3593563908785269e7	0.
1.3724609610075625e7	0.
1.3856918628031274e7	0.
1.3990503141372928e7	0.
1.4125375446227554e7	0.
1.4261547957260085e7	0.
1.4399033208816327e7	0.
1.4537843856076606e7	0.
1.4677992676220706e7	0.
1.4819492569603847e7	0.
1.4962356560944328e7	0.
1.510659780052228e7	0.
1.5252229565390198e7	0.
1.539926526059492e7	0.
1.5547718420411726e7	0.
1.5697602709590042e7	0.
1.5848931924611142e7	0.
1.6001719994958278e7	0.
1.6155980984398728e7	0.
1.6311729092278397e7	0.
1.6468978654828688e7	0.
1.6627744146486335e7	0.
1.678804018122559e7	0.
1.6949881513903476e7	0.
1.711328304161781e7	0.
1.7278259805078626e7	0.
1.744482698999252e7	0.
1.7612999928460523e7	0.
1.7782794100389227e7	0.
1.7954225134915903e7	0.
1.8127308811846968e7	0.
1.8302061063110568e7	0.
1.8478497974222906e7	0.
1.865663578576911e7	0.
1.883649089489802e7	0.
1.9018079856831398e7	0.
1.920141938638801e7	0.
1.9386526359522056e7	0.
1.9573417814876616e7	0.
1.9762110955351863e7	0.
1.9952623149688788e7	0.
2.0144971934067793e7	0.
2.033917501372293e7	0.
2.053525026457146e7	0.
2.073321573485954e7	0.
2.0933089646823347e7	0.
2.1134890398366477e7	0.
2.133863656475326e7	0.
2.1544346900318824e7	1.735492185023079e-308
2.1752040340195246e7	1.422257435169057e-305
2.1961736002054367e7	1.0586535016214854e-302
2.2173453187867787e7	7.400054713374832e-300
2.2387211385683376e7	4.860597527823242e-297
2.2603030271419216e7	3.001766166129565e-294
2.282092971067451e7	1.7440254798248947e-291
2.3040929760558445e7	9.538308887259558e-289
2.3263050671536237e7	4.913419947640039e-286
2.34873128892932e7	2.3852793512832784e-283
2.3713737056616552e7	1.0919027873635094e-280
2.3942344015295804e7	4.715873750710424e-278
2.4173154808041014e7	1.9227179114566067e-275
2.4406190680419814e7	7.404292570041772e-273
2.4641473082812812e7	2.6946553874828864e-270
2.4879023672388345e7	9.272766412874165e-268
2.5118864315095823e7	3.018799834408203e-265
2.536101708767827e7	9.302687929663414e-263
2.5605504279704753e7	2.71493674504162e-260
2.5852348395621885e7	7.507820577330777e-258
2.6101572156825386e7	1.968314755068837e-255
2.635319850375133e7	4.8946666589963205e-253
2.6607250597988084e7	1.1550981018769221e-250
2.686375182440805e7	2.588206586199714e-248
2.71227257933203e7	5.509070858609392e-246
2.738419634264361e7	1.1144743578831766e-243
2.764818754010106e7	2.1438035685025778e-241
2.791472368543512e7	3.923123015533118e-239
2.818382931264455e7	6.833098935682972e-237
2.845552919224244e7	1.1333059060642849e-234
2.872984833353663e7	1.790701048157489e-232
2.900681198693156e7	2.6967853813155486e-230
2.928644564625237e7	3.872718859400797e-228
2.9568775051091872e7	5.3055308691084715e-226
2.9853826189179573e7	6.9371344139521435e-224
3.0141625298773922e7	8.660899023168435e-222
3.043219887107722e7	1.0329250045420123e-219
3.0725573652674455e7	1.1772997639569442e-217
3.102177664799498e7	1.2829373432799365e-215
3.132083512179837e7	1.3372414287294858e-213
3.162277660168379e7	1.3337801745098843e-211
3.192762888062425e7	1.2735354836450553e-209
3.2235420019524593e7	1.1645837965029343e-207
3.2546178349804603e7	1.0203334960399659e-205
3.285993247600654e7	8.568451432258238e-204
3.3176711278428547e7	6.899644485184941e-202
3.3496543915782794e7	5.329530677231469e-200
3.381945982787926e7	3.950582443686088e-198
3.4145488738336004e7	2.8113413694129487e-196
3.447466065731491e7	1.92138800297894e-194
3.480700588428413e7	1.2616321046167154e-192
3.514255501080684e7	7.962181665659396e-191
3.548133892335753e7	4.8314453069653825e-189
3.582338880616481e7	2.819876319803822e-187
3.616873614408161e7	1.5836232896699508e-185
3.651741272548377e7	8.560552747232307e-184
3.686945064519574e7	4.4559222230426214e-182
3.72248823074449e7	2.2341663900946954e-180
3.758374042884443e7	1.0794196118851679e-178
3.794605804140442e7	5.0270737314253405e-177
3.831186849557285e7	2.2575749933574657e-175
3.868120546330525e7	9.779608496807387e-174
3.905410294116381e7	4.087916759310418e-172
3.94305952534472e7	1.6494206576626208e-170
3.981071705534969e7	6.426222236614105e-169
4.019450333615128e7	2.4183530378478793e-167
4.058198942243799e7	8.793598966604562e-166
4.097321098135413e7	3.0905700226876506e-164
4.1368204023885116e7	1.0502099505775304e-162
4.176700490817191e7	3.451585004346352e-161
4.2169650342858225e7	1.0974983916714802e-159
4.2576177390469156e7	3.377293043733759e-158
4.298662347082272e7	1.0061170159289207e-156
4.34010263644744e7	2.9025333213894282e-155
4.381942421619436e7	8.111248538196226e-154
4.424185553847914e7	2.196400432787764e-152
4.466835921509635e7	5.7647296299716206e-151
4.509897450466355e7	1.4669625772946316e-149
4.553374104426248e7	3.620425614922192e-148
4.597269885308718e7	8.668168524239563e-147
4.641588833612782e7	2.0139450045317804e-145
4.686335028788954e7	4.541973983608026e-144
4.7315125896148026e7	9.94584084372339e-143
4.777125674574048e7	2.1152421042134382e-141
4.823178482239309e7	4.3703991760287525e-140
4.869675251658631e7	8.774940117554905e-139
4.9166202627456404e7	1.7125675222057863e-137
4.964017836673511e7	3.2497433478934554e-136
5.011872336272725e7	5.997419951878197e-135
5.0601881664326236e7	1.0767354494991446e-133
5.108969774506924e7	1.881034431199077e-132
5.158221650723061e7	3.1984576688208434e-131
5.207948328595465e7	5.29483552965863e-130
5.258154385342927e7	8.5357790120385e-129
5.3088444423098795e7	1.340363024066558e-127
5.360023165391796e7	2.050685344836823e-126
5.4116952654646374e7	3.0575996896291884e-125
5.46386549881854e7	4.443998534450953e-124
5.516538667595586e7	6.29773722615856e-123
5.569719620231798e7	8.703965754157367e-122
5.623413251903491e7	1.1734794556362883e-120
5.677624504977816e7	1.5436974044427512e-119
5.732358369467708e7	1.9818872174537648e-118
5.787619883491209e7	2.483856647412961e-117
5.8434141337351754e7	3.039518141128387e-116
5.8997462559235595e7	3.632556853142299e-115
5.956621435290109e7	4.240796937198934e-114
6.014044907055618e7	4.8373431009672806e-113
6.072021956909884e7	5.3924574007650635e-112
6.130557921498202e7	5.876004485358855e-111
6.18965818891261e7	6.260187251071553e-110
6.249328199187798e7	6.522223673385421e-109
6.3095734448019296e7	6.6466020367586706e-108
6.37039947118217e7	6.626601781409932e-107
6.431811877215091e7	6.464872941953344e-106
6.493816315762113e7	6.1730087546591045e-105
6.556418494179785e7	5.77019606170378e-104
6.619624174845146e7	5.281158226151264e-103
6.6834391756861486e7	4.733692438367626e-102
6.747869370717137e7	4.1561348423014316e-101
6.812920690579608e7	3.5750623458779137e-100
6.878599123088081e7	3.013469897624093e-99
6.944910713781214e7	2.4895645094340033e-98
7.011861566478363e7	2.016213145865472e-97
7.079457843841374e7	1.6009894914325333e-96
7.147705767941861e7	1.2466977260472905e-95
7.216611620833883e7	9.522158103209053e-95
7.286181745132273e7	7.134955378880969e-94
7.356422544596422e7	5.24575667841605e-93
7.427340484719673e7	3.784989067714026e-92
7.498942093324558e7	2.680640491869324e-91
7.571233961163601e7	1.8638333685145812e-90
7.644222742525995e7	1.272467007946673e-89
7.717915155850127e7	8.531640827280427e-89
7.79231798434194e7	5.618755136035186e-88
7.867438076599394e7	3.635326044075557e-87
7.943282347242822e7	2.311084642743272e-86
8.019857777551351e7	1.443877534180545e-85
8.097171416105618e7	8.866638395010404e-85
8.175230379436493e7	5.352703469234166e-84
8.25404185268019e7	3.177193459322202e-83
8.333613090239559e7	1.854558274817025e-82
8.413951416451947e7	1.0647142154729565e-81
8.49506422626333e7	6.0129846516641595e-81
8.576958985908946e7	3.341024710173975e-80
8.659643233600654e7	1.8267085212318032e-79
8.743124580220732e7	9.829367602103341e-79
8.82741071002246e7	5.20612748378971e-78
8.91250938133746e7	2.7145786551245035e-77
8.998428427289744e7	1.3936488364365853e-76
9.085175756516862e7	7.04582486454801e-76
9.172759353897804e7	3.5083389343002406e-75
9.261187281287937e7	1.7207805838882533e-74
9.350467678261195e7	8.315074527393189e-74
9.440608762859227e7	3.958998465831856e-73
9.531618832347882e7	1.8575662474505787e-72
9.623506263980888e7	8.590209304619916e-72
9.716279515771058e7	3.9158290451760456e-71
9.809947127268784e7	1.7598017924838657e-70
9.904517720348015e7	7.797991998063392e-70
1.e8	3.407526095566955e-69
1.0096402755134483e8	1.4685569455229996e-68
1.0193734859388717e8	6.243021861408677e-68
1.0292005271944265e8	2.6182318513261234e-67
1.0391223038351668e8	1.0833946991441189e-66
1.0491397291363113e8	4.42370652960276e-66
1.0592537251772897e8	1.7826332924000057e-65
1.0694652229266451e8	7.090361868157919e-65
1.0797751623277093e8	2.7839377954115157e-64
1.0901844923851268e8	1.0791676834660689e-63
1.100694171252208e8	4.1305667099285076e-63
1.1113051663191305e8	1.5612561889906224e-62
1.1220184543019652e8	5.828201320301549e-62
1.1328350213326095e8	2.149028992135682e-61
1.1437558630495389e8	7.827956190148624e-61
1.1547819846894582e8	2.817107480380702e-60
1.165914401179831e8	1.0017455408800862e-59
1.1771541372323017e8	3.520140213224145e-59
1.1885022274370165e8	1.2225317551283515e-58
1.1999597163578562e8	4.196687238075919e-58
1.2115276586285901e8	1.4241229692948065e-57
1.2232071190499325e8	4.7778279860722923e-57
1.2349991726875852e8	1.5849037922113844e-56
1.2469049049711742e8	5.198900023031325e-56
1.2589254117941661e8	1.686562876481087e-55
1.2710617996147431e8	5.411554240913828e-55
1.2833151855576539e8	1.7175736238406114e-54
1.2956866975170216e8	5.392964967517511e-54
1.3081774742601955e8	1.6753413921120752e-53
1.3207886655325507e8	5.1497563894422695e-53
1.333521432163324e8	1.5664676843320618e-52
1.3463769461724666e8	4.71575143110623e-52
1.3593563908785242e8	1.4051347930884265e-51
1.3724609610075596e8	4.144433569625877e-51
1.3856918628031245e8	1.210137108962802e-50
1.3990503141372958e8	3.4983870795321415e-50
1.4125375446227553e8	1.0013970610524906e-49
1.4261547957260084e8	2.8385125865050568e-49
1.4399033208816326e8	7.96823058068975e-49
1.4537843856076607e8	2.2154381362288235e-48
1.4677992676220676e8	6.101319271283559e-48
1.4819492569603878e8	1.6645375952467185e-47
1.4962356560944358e8	4.498918901609077e-47
1.5106597800522313e8	1.204775178917786e-46
1.5252229565390196e8	3.196872909077119e-46
1.539926526059492e8	8.406284795605014e-46
1.5547718420411727e8	2.190683754124951e-45
1.569760270959001e8	5.658342977546437e-45
1.584893192461111e8	1.4486705053426015e-44
1.6001719994958246e8	3.6766912333755214e-44
1.615598098439876e8	9.250984784660256e-44
1.6311729092278397e8	2.3077978624018727e-43
1.6468978654828689e8	5.708499197741241e-43
1.6627744146486336e8	1.400217639088885e-42
1.678804018122559e8	3.406067693792436e-42
1.6949881513903442e8	8.217306985262805e-42
1.7113283041617846e8	1.9663385771957393e-41
1.727825980507866e8	4.667382104662191e-41
1.744482698999256e8	1.0990262801375863e-40
1.7612999928460523e8	2.56741181526671e-40
1.7782794100389227e8	5.950705898892317e-40
1.7954225134915903e8	1.3685459139518443e-39
1.812730881184697e8	3.1232037821248104e-39
1.830206106311053e8	7.073317557687194e-39
1.847849797422287e8	1.5898618576159807e-38
1.865663578576915e8	3.5468288811921097e-38
1.883649089489802e8	7.854103244896316e-38
1.9018079856831396e8	1.7264703105435984e-37
1.920141938638801e8	3.767541821988025e-37
1.9386526359522057e8	8.162506452203445e-37
1.9573417814876577e8	1.7558411433288074e-36
1.9762110955351904e8	3.7503567970972495e-36
1.9952623149688828e8	7.954535154667169e-36
2.0144971934067833e8	1.6754858577921377e-35
2.033917501372293e8	3.5049278452795917e-35
2.053525026457146e8	7.282124300500277e-35
2.073321573485954e8	1.5028161312066946e-34
2.0933089646823347e8	3.080705303747686e-34
2.1134890398366433e8	6.273624743392527e-34
2.1338636564753217e8	1.2692239348940684e-33
2.1544346900318867e8	2.5511517988671582e-33
2.1752040340195245e8	5.094944035701932e-33
2.1961736002054366e8	1.0110533790870786e-32
2.2173453187867785e8	1.9937308391887273e-32
2.238721138568338e8	3.9069937332477974e-32
2.260303027141917e8	7.609013774702134e-32
2.2820929710674554e8	1.4728176052439724e-31
2.3040929760558495e8	2.8335425040201967e-31
2.3263050671536288e8	5.418706749099366e-31
2.3487312889293203e8	1.030081197677337e-30
2.3713737056616554e8	1.9466221915259383e-30
2.3942344015295804e8	3.657215449077495e-30
2.4173154808041012e8	6.831280523213923e-30
2.4406190680419764e8	1.2687036628257723e-29
2.4641473082812762e8	2.342870790025245e-29
2.48790236723884e8	4.3021930512090726e-29
2.511886431509582e8	7.856117681789274e-29
2.536101708767827e8	1.4266764417977582e-28
2.5605504279704756e8	2.576707344926616e-28
2.5852348395621887e8	4.6285957136436755e-28
2.610157215682533e8	8.269898604734269e-28
2.6353198503751385e8	1.4697380010454861e-27
2.660725059798814e8	2.5983058600954018e-27
2.686375182440811e8	4.569543629080107e-27
2.71227257933203e8	7.994825259873595e-27
2.738419634264361e8	1.3916175506138702e-26
2.764818754010106e8	2.410052842660624e-26
2.7914723685435116e8	4.152883515954877e-26
2.8183829312644494e8	7.120492336851092e-26
2.8455529192242384e8	1.2148642577087813e-25
2.8729848333536685e8	2.0626385014796012e-25
2.900681198693156e8	3.4851068225011603e-25
2.9286445646252376e8	5.860389263515433e-25
2.9568775051091874e8	9.807850128155344e-25
2.985382618917957e8	1.6337197900876332e-24
3.014162529877386e8	2.708675160526515e-24
3.043219887107729e8	4.4702407930247e-24
3.072557365267452e8	7.343758535887046e-24
3.102177664799504e8	1.20098616856022e-23
3.132083512179837e8	1.9552768252796549e-23
3.1622776601683795e8	3.169183855642041e-23
3.1927628880624247e8	5.114152557985468e-23
3.223542001952459e8	8.216842093894752e-23
3.254617834980453e8	1.314495188175627e-22
3.285993247600647e8	2.093888105148294e-22
3.3176711278428614e8	3.321282287264598e-22
3.349654391578279e8	5.246059746965573e-22
3.3819459827879256e8	8.251880134543037e-22
3.414548873833601e8	1.2926524409712662e-21
3.447466065731491e8	2.0166781677535085e-21
3.480700588428406e8	3.1335311485953226e-21
3.514255501080691e8	4.849427778773301e-21
3.5481338923357606e8	7.475191983042314e-21
3.582338880616481e8	1.1477458744794883e-20
3.616873614408161e8	1.7554023348241675e-20
3.651741272548377e8	2.6744285864493582e-20
3.6869450645195735e8	4.059050467453584e-20
3.72248823074449e8	6.137232498225644e-20
3.7583740428844357e8	9.244657031107145e-20
3.7946058041404337e8	1.3873767528427982e-19
3.831186849557293e8	2.0744288781381501e-19
3.8681205463305247e8	3.0904250476722435e-19
3.905410294116381e8	4.587417639352773e-19
3.94305952534472e8	6.785212983191009e-19
3.981071705534969e8	1.0000424351982056e-18
4.0194503336151195e8	1.4687490425485251e-18
4.0581989422438073e8	2.149638025589552e-18
4.097321098135422e8	3.1353488502004472e-18
4.1368204023885113e8	4.557464651848599e-18
4.1767004908171904e8	6.602244985427272e-18
4.2169650342858225e8	9.532453729573215e-18
4.257617739046915e8	1.3717541486957048e-17
4.298662347082272e8	1.9675238247467864e-17
4.3401026364474314e8	2.812868130179949e-17
4.381942421619427e8	4.008462517035299e-17
4.424185553847923e8	5.694015824722292e-17
4.466835921509635e8	8.062785200498168e-17
4.509897450466355e8	1.1381256210733852e-16
4.5533741044262487e8	1.6015739632240518e-16
4.597269885308718e8	2.2468204673966284e-16
4.641588833612773e8	3.142440972411575e-16
4.6863350287889636e8	4.381834606750603e-16
4.731512589614813e8	6.091826438900374e-16
4.777125674574048e8	8.444117771504143e-16
4.823178482239309e8	1.167047947999701e-15
4.869675251658631e8	1.6082853004174455e-15
4.916620262745641e8	2.209987026508271e-15
4.9640178366735107e8	3.028173694205488e-15
5.011872336272715e8	4.137598393550495e-15
5.060188166432613e8	5.6377311500719875e-15
5.108969774506935e8	7.660565196524531e-15
5.158221650723061e8	1.0380769133509151e-14
5.207948328595465e8	1.402885571381271e-14
5.2581543853429276e8	1.8908220108930956e-14
5.308844442309879e8	2.541712149811736e-14
5.360023165391785e8	3.407696498356228e-14
5.411695265464648e8	4.556860147164638e-14
5.463865498818551e8	6.077880331144623e-14
5.516538667595586e8	8.085959276888249e-14
5.569719620231798e8	1.0730380092280745e-13
5.623413251903491e8	1.4204107739090597e-13
5.677624504977816e8	1.8755956033268825e-13
5.732358369467708e8	2.470596576008989e-13
5.787619883491197e8	3.2464800415284683e-13
5.843414133735163e8	4.255815319737793e-13
5.899746255923572e8	5.565737281646881e-13
5.956621435290109e8	7.261781778568318e-13
6.014044907055618e8	9.452678109159958e-13
6.072021956909884e8	1.227632117030916e-12
6.130557921498202e8	1.5907200206544126e-12
6.189658188912597e8	2.0565617524991256e-12
6.249328199187812e8	2.6529100339610393e-12
6.309573444801943e8	3.4146503381776164e-12
6.37039947118217e8	4.385539286324174e-12
6.431811877215091e8	5.6203429606488146e-12
6.493816315762113e8	7.187462529743644e-12
6.556418494179785e8	9.172150082310461e-12
6.619624174845146e8	1.1680440124162061e-11
6.683439175686135e8	1.4843946874145324e-11
6.747869370717123e8	1.8825703974084334e-11
6.812920690579622e8	2.3827261177386784e-11
6.878599123088082e8	3.0097290918857096e-11
6.944910713781214e8	3.7942004327158347e-11
7.011861566478363e8	4.7737734683917976e-11
7.079457843841373e8	5.994610854302196e-11
7.147705767941846e8	7.513230311823131e-11
7.216611620833898e8	9.398697511922052e-11
7.286181745132289e8	1.1735255186539857e-10
7.356422544596422e8	1.462546877166695e-10
7.427340484719672e8	1.8193984427215613e-10
7.498942093324559e8	2.2592009288225446e-10
7.571233961163601e8	2.800264384303529e-10
7.644222742525994e8	3.4647215701094713e-10
7.717915155850111e8	4.279279217591994e-10
7.792317984341924e8	5.27610715824405e-10
7.86743807659941e8	6.493889204955909e-10
7.943282347242821e8	7.979062506144415e-10
8.019857777551352e8	9.787277305132393e-10
8.097171416105617e8	1.1985112492647413e-9
8.175230379436493e8	1.4652089497835862e-9
8.254041852680173e8	1.7883030646962558e-9
8.333613090239576e8	2.179081596767611e-9
8.413951416451964e8	2.6509607431730612e-9
8.49506422626333e8	3.2198602080521286e-9
8.576958985908946e8	3.904660038002232e-9
8.659643233600653e8	4.727605278099231e-9
8.743124580220731e8	5.715100665453015e-9
8.82741071002246e8	6.8981853864047245e-9
8.912509381337441e8	8.313422810252378e-9
8.998428427289726e8	1.000378940463319e-8
9.08517575651688e8	1.2019719863849482e-8
9.172759353897803e8	1.442031156186772e-8
9.261187281287937e8	1.727470552969579e-8
9.350467678261195e8	2.0663670522642592e-8
9.440608762859226e8	2.4681415496785347e-8
9.531618832347863e8	2.943766005341983e-8
9.623506263980907e8	3.5059997119268803e-8
9.716279515771078e8	4.1696581968144896e-8
9.809947127268784e8	4.9519190944037175e-8
9.904517720348015e8	5.8726693257858864e-8
1.e9	6.954898347227704e-8
1.0096402755134482e9	8.225143546572922e-8
1.0193734859388716e9	9.713992656727527e-8
1.0292005271944265e9	1.1456651485000114e-7
1.0391223038351669e9	1.3493581624790257e-7
1.0491397291363113e9	1.5871219744213497e-7
1.0592537251772897e9	1.8642781784364736e-7
1.0694652229266452e9	2.1869167940437388e-7
1.0797751623277094e9	2.5619972337334447e-7
1.0901844923851268e9	2.997461316058169e-7
1.100694171252208e9	3.5023591364680017e-7
1.1113051663191304e9	4.086989615175826e-7
1.1220184543019652e9	4.763056506277043e-7
1.1328350213326094e9	5.543841562572007e-7
1.1437558630495389e9	6.444397337847994e-7
1.1547819846894581e9	7.481759755506134e-7
1.165914401179831e9	8.675183681323908e-7
1.1771541372323017e9	1.0046403077810642e-6
1.1885022274370165e9	1.161991779631619e-6
1.1999597163578563e9	1.3423309510594632e-6
1.21152765862859e9	1.548758919271099e-6
1.2232071190499325e9	1.7847578812812148e-6
1.234999172687585e9	2.054233032068234e-6
1.246904904971174e9	2.361558481916897e-6
1.258925411794166e9	2.7116274739995023e-6
1.2710617996147432e9	3.1099072707744697e-6
1.283315185557654e9	3.5624991765259267e-6
1.2956866975170217e9	4.076204750218065e-6
1.3081774742601955e9	4.658595365698522e-6
1.3207886655325506e9	5.318091776750961e-6
1.333521432163324e9	6.0640479479259555e-6
1.3463769461724665e9	6.906842979376029e-6
1.359356390878524e9	7.857981128805835e-6
1.3724609610075598e9	8.930200253587639e-6
1.3856918628031244e9	0.000010137589913368906
1.3990503141372957e9	0.000011495720585011224
1.4125375446227555e9	0.000013021776373792103
1.4261547957260084e9	0.000014734708373143294
1.4399033208816326e9	0.00001665540101862035
1.4537843856076605e9	0.000018806836396362914
1.4677992676220675e9	0.000021214303921624477
1.481949256960388e9	0.000023905573536784816
1.496235656094436e9	0.000026911152764201747
1.510659780052231e9	0.000030264501972374644
1.5252229565390198e9	0.000034002331515723636
1.5399265260594919e9	0.00003816483794852928
1.5547718420411727e9	0.00004279603473133592
1.569760270959001e9	0.00004794408299221409
1.5848931924611108e9	0.00005366159362102088
1.6001719994958246e9	0.0000600062343836756
1.615598098439876e9	0.00006704072834155694
1.6311729092278397e9	0.00007483372595271413
1.646897865482869e9	0.00008346008434005217
1.6627744146486335e9	0.00009300142350993036
1.6788040181225588e9	0.0001035468324350823
1.6949881513903444e9	0.0001151932483442581
1.7113283041617844e9	0.00012804636472908855
1.7278259805078661e9	0.0001422212700633247
1.744482698999256e9	0.0001578432067575925
1.7612999928460524e9	0.00017504879181544166
1.7782794100389228e9	0.0001939862392246378
1.7954225134915903e9	0.00021481709534520833
1.812730881184697e9	0.00023771709820922507
1.830206106311053e9	0.00026287736206624717
1.847849797422287e9	0.0002905056561870509
1.8656635785769148e9	0.0003208279771620127
1.8836490894898021e9	0.0003540900964969167
1.9018079856831396e9	0.0003905592379839059
1.920141938638801e9	0.00043052577107512987
1.9386526359522057e9	0.0004743054637038252
1.9573417814876575e9	0.000522241864117017
1.9762110955351903e9	0.0005747078644357226
1.9952623149688828e9	0.000632109119355825
2.0144971934067833e9	0.0006948870323462973
2.033917501372293e9	0.0007635204735210293
2.0535250264571462e9	0.0008385305600826743
2.073321573485954e9	0.0009204840268501012
2.0933089646823347e9	0.0010099960019944027
2.1134890398366432e9	0.001107735847158345
2.1338636564753218e9	0.001214430859555875
2.1544346900318866e9	0.001330870812771153
2.1752040340195246e9	0.0014579162530101084
2.1961736002054367e9	0.0015964990664015088
2.2173453187867785e9	0.0017476345076948285
2.238721138568338e9	0.0019124245462126986
2.260303027141917e9	0.0020920646140513313
2.2820929710674553e9	0.0022878617021454607
2.3040929760558496e9	0.002501222765438168
2.326305067153629e9	0.0027336847367250214
2.3487312889293203e9	0.002986914107924192
2.3713737056616554e9	0.003262720226045447
2.39423440152958e9	0.0035630677395641092
2.4173154808041015e9	0.003890086571495255
2.4406190680419765e9	0.0042460951465680035
2.464147308281276e9	0.004633598002443166
2.4879023672388396e9	0.005055321182509186
2.511886431509582e9	0.005514213989074985
2.536101708767827e9	0.006013480894553097
2.5605504279704757e9	0.006556587685439965
2.5852348395621886e9	0.007147295273643238
2.6101572156825333e9	0.00778967461550713
2.6353198503751383e9	0.00848813814328322
2.660725059798814e9	0.009247457777600837
2.6863751824408107e9	0.010072802463807075
2.71227257933203e9	0.010969762361899263
2.7384196342643614e9	0.01194438843595404
2.7648187540101056e9	0.013003214923473928
2.791472368543512e9	0.014153315075292936
2.818382931264449e9	0.015402321274886463
2.8455529192242384e9	0.016758494282834893
2.8729848333536687e9	0.018230729743097952
2.9006811986931562e9	0.01982866100708971
2.9286445646252375e9	0.02156264897175978
2.956877505109187e9	0.02344390474366003
2.9853826189179573e9	0.025484487685479906
3.014162529877386e9	0.02769741510788079
3.0432198871077285e9	0.03009670942418925
3.072557365267452e9	0.032697468892167465
3.1021776647995043e9	0.03551596913693684
3.132083512179837e9	0.03856969949356182
3.1622776601683793e9	0.0418775202851816
3.1927628880624247e9	0.04545967246427958
3.2235420019524593e9	0.04933795718090074
3.2546178349804535e9	0.05353579334922848
3.2859932476006474e9	0.058078336203137196
3.3176711278428617e9	0.0629926382934508
3.3496543915782795e9	0.068307702365195
3.3819459827879257e9	0.07405470404142517
3.4145488738336005e9	0.0802670729449914
3.447466065731491e9	0.08698065264596956
3.480700588428406e9	0.09423395433236455
3.5142555010806913e9	0.10206815401305011
3.5481338923357606e9	0.11052745207100102
3.5823388806164804e9	0.11965919735834801
3.616873614408161e9	0.1295140540462874
3.651741272548377e9	0.14014631495104676
3.686945064519573e9	0.1516140569684629
3.72248823074449e9	0.1639794035436849
3.7583740428844357e9	0.17730891912734079
3.794605804140434e9	0.19167361493249235
3.831186849557293e9	0.20714948116178547
3.868120546330525e9	0.2238178131340634
3.905410294116381e9	0.24176530129364057
3.94305952534472e9	0.26108461934119515
3.9810717055349693e9	0.2818748480702522
4.0194503336151195e9	0.3042415159757867
4.0581989422438073e9	0.32829737911824336
4.0973210981354218e9	0.3541628191955594
4.136820402388511e9	0.38196607086561324
4.17670049081719e9	0.411843901620555
4.2169650342858224e9	0.44394246253935227
4.2576177390469155e9	0.47841698949747774
4.298662347082273e9	0.515433223938125
4.340102636447432e9	0.5551677429166745
4.381942421619428e9	0.5978085021245632
4.424185553847923e9	0.6435556248560098
4.466835921509635e9	0.6926223607466234
4.509897450466355e9	0.7452359253598865
4.553374104426249e9	0.8016366910366723
4.597269885308718e9	0.8620821822078942
4.641588833612773e9	0.926845710606014
4.686335028788963e9	0.996217437053951
4.731512589614813e9	1.0705062885837728
4.777125674574048e9	1.1500406545096626
4.823178482239309e9	1.2351694672936004
4.869675251658631e9	1.32626343876908
4.916620262745641e9	1.4237164573222671
4.964017836673511e9	1.5279470849318595
5.011872336272715e9	1.6393995188441537
5.060188166432613e9	1.75854555063679
5.108969774506935e9	1.8858858443751783
5.158221650723061e9	2.0219525917310355
5.207948328595465e9	2.1673093213169787
5.258154385342927e9	2.322554771752654
5.308844442309879e9	2.4883239229196237
5.360023165391785e9	2.665290615401366
5.411695265464648e9	2.854168929319022
5.463865498818551e9	3.0557163418530724
5.516538667595586e9	3.2707355934865228
5.569719620231798e9	3.500079034675622
5.623413251903491e9	3.7446477809148546
5.677624504977817e9	4.0053982111586945
5.732358369467708e9	4.283343306471106
5.787619883491197e9	4.57955655044589
5.843414133735163e9	4.895174563534303
5.899746255923572e9	5.231401310857224
5.95662143529011e9	5.589511752779089
6.014044907055617e9	5.970855952560709
6.0720219569098835e9	6.376863451399391
6.130557921498202e9	6.809046750916081
6.189658188912597e9	7.26900727817877
6.249328199187811e9	7.758439592160773
6.309573444801943e9	8.279137170750925
6.37039947118217e9	8.832997048045453
6.431811877215091e9	9.422026296230325
6.493816315762114e9	10.048348015734588
6.556418494179785e9	10.714207355442458
6.619624174845145e9	11.421980245295362
6.683439175686135e9	12.174176676361872
6.747869370717123e9	12.973451814356471
6.812920690579622e9	13.822612498340913
6.878599123088081e9	14.724625677032376
6.944910713781214e9	15.682628058971112
7.011861566478363e9	16.69993369617555
7.079457843841373e9	17.780045207373515
7.147705767941846e9	18.92666365528732
7.216611620833899e9	20.143699245797094
7.286181745132289e9	21.435283304879473
7.356422544596421e9	22.805780215820615
7.427340484719672e9	24.25979881473892
7.498942093324558e9	25.80220754373743
7.571233961163601e9	27.438147698209143
7.644222742525994e9	29.1730481370194
7.717915155850112e9	31.012642215245634
7.792317984341925e9	32.962981541005846
7.86743807659941e9	35.03045555008551
7.943282347242822e9	37.22180908913685
8.019857777551352e9	39.54416141949073
8.097171416105618e9	42.0050258715196
8.175230379436493e9	44.61233507301565
8.254041852680173e9	47.37445530593669
8.333613090239576e9	50.30021710702214
8.413951416451964e9	53.39893772641158
8.4950642262633295e9	56.68044703313717
8.576958985908946e9	60.155115008585796
8.659643233600653e9	63.83388160930482
8.743124580220732e9	67.72828591228773
8.82741071002246e9	71.85049813673554
8.91250938133744e9	76.21335436346492
8.998428427289726e9	80.83039101318515
9.08517575651688e9	85.71588258819166
9.172759353897804e9	90.88488014947876
9.261187281287937e9	96.35325735398202
9.350467678261196e9	102.13774418541487
9.440608762859226e9	108.25598119138978
9.531618832347862e9	114.72656481995362
9.623506263980907e9	121.56909785789347
9.716279515771078e9	128.80424193592134
9.809947127268784e9	136.45377394737687
9.904517720348015e9	144.5406468944753
1.e10	153.0890485550953
1.0096402755134481e10	162.12446795876923
1.0193734859388716e10	171.67376502485678
1.0292005271944265e10	181.7652412269105
1.039122303835167e10	192.42871594757202
1.0491397291363113e10	203.69560574878378
1.0592537251772898e10	215.59900632048752
1.069465222926645e10	228.1737922760776
1.0797751623277094e10	241.45668582003256
1.0901844923851267e10	255.48637540484947
1.1006941712522081e10	270.30361082207895
1.1113051663191305e10	285.951310943711
1.1220184543019653e10	302.47467538120367
1.1328350213326096e10	319.92130507723635
1.1437558630495388e10	338.34132997135407
1.1547819846894583e10	357.7875879045552
1.1659144011798311e10	378.31562824593135
1.1771541372323017e10	399.98398293519114
1.1885022274370165e10	422.85427710714345
1.1999597163578562e10	446.9913935181716
1.21152765862859e10	472.4636402121296
1.2232071190499325e10	499.342924324068
1.234999172687585e10	527.7049454017855
1.246904904971174e10	557.6293875632655
1.2589254117941662e10	589.2001298881663
1.2710617996147432e10	622.5054587438974
1.2833151855576538e10	657.6382937715249
1.2956866975170216e10	694.6964348748019
1.3081774742601955e10	733.7828088221809
1.3207886655325506e10	775.0057348770433
1.333521432163324e10	818.4792024571784
1.3463769461724665e10	864.3231625338008
1.3593563908785242e10	912.6638357684207
1.3724609610075598e10	963.6340333433025
1.3856918628031244e10	1017.3735033329621
1.3990503141372957e10	1074.0292795586583
1.4125375446227554e10	1133.756051868865
1.4261547957260084e10	1196.7165662906914
1.4399033208816326e10	1263.082039073628
1.4537843856076607e10	1333.0325888308162
1.4677992676220675e10	1406.7576912774355
1.4819492569603878e10	1484.456659602011
1.4962356560944359e10	1566.3391480126818
1.5106597800522312e10	1652.6256797296185
1.5252229565390198e10	1743.5482030027297
1.539926526059492e10	1839.3506825524228
1.5547718420411726e10	1940.2896992519397
1.569760270959001e10	2046.635098695393
1.5848931924611109e10	2158.6706779584138
1.6001719994958244e10	2276.6948887015706
1.6155980984398762e10	2401.0215762453363
1.6311729092278397e10	2531.9807648976257
1.646897865482869e10	2669.91949044826
1.6627744146486336e10	2815.202674864409
1.678804018122559e10	2968.2140231987555
1.6949881513903442e10	3129.3569987420856
1.7113283041617846e10	3299.0557898378934
1.7278259805078663e10	3477.7566269087674
1.7444826989992558e10	3665.9278303621854
1.7612999928460526e10	3864.062069045585
1.778279410038923e10	4072.679301000966
1.79542251349159e10	4292.322599353782
1.812730881184697e10	4523.565329144192
1.830206106311053e10	4767.009477567143
1.847849797422287e10	5023.287873339212
1.865663578576915e10	5293.065736967543
1.883649089489802e10	5577.04228647417
1.9018079856831398e10	5875.952466902422
1.9201419386388012e10	6190.568748345558
1.9386526359522057e10	6521.703030361321
1.9573417814876575e10	6870.208617230089
1.9762110955351902e10	7236.982327614345
1.9952623149688828e10	7622.966698745372
2.0144971934067833e10	8029.152242224865
2.033917501372293e10	8456.579898368682
2.053525026457146e10	8906.343505282639
2.073321573485954e10	9379.59256422175
2.0933089646823345e10	9877.535036214429
2.1134890398366432e10	10401.440241328613
2.1338636564753216e10	10952.6419562636
2.1544346900318867e10	11532.541626560589
2.1752040340195244e10	12142.611785886822
2.1961736002054367e10	12784.39964106714
2.2173453187867786e10	13459.530815583616
2.2387211385683376e10	14169.713265105234
2.260303027141917e10	14916.741425684457
2.2820929710674557e10	15702.500528907767
2.3040929760558495e10	16528.97117536986
2.3263050671536285e10	17398.234146650637
2.34873128892932e10	18312.47536164188
2.3713737056616554e10	19273.991156996308
2.3942344015295803e10	20285.1938199394
2.417315480804101e10	21348.617411036976
2.440619068041976e10	22466.923798969416
2.4641473082812763e10	23642.909080426336
2.4879023672388397e10	24879.510317592983
2.511886431509582e10	26179.812533337186
2.536101708767827e10	27547.056117324202
2.5605504279704754e10	28984.64460980894
2.5852348395621887e10	30496.152798173494
2.6101572156825333e10	32085.335271285683
2.6353198503751385e10	33756.1354224816
2.660725059798814e10	35512.694826226376
2.6863751824408104e10	37359.36308101019
2.7122725793320297e10	39300.70821219923
2.7384196342643612e10	41341.52755164638
2.764818754010106e10	43486.85916030699
2.791472368543512e10	45741.99379845533
2.8183829312644493e10	48112.48736334578
2.8455529192242382e10	50604.17427887443
2.8729848333536686e10	53223.18126398066
2.900681198693156e10	55975.94182764132
2.9286445646252373e10	58869.21151002178
2.9568775051091873e10	61910.083903504856
2.9853826189179573e10	65106.0074377696
3.0141625298773857e10	68464.80295352175
3.0432198871077286e10	71994.68218109099
3.072557365267452e10	75704.26715067965
3.1021776647995045e10	79602.61051402433
3.132083512179837e10	83699.21682114268
3.1622776601683792e10	88004.06496533737
3.192762888062425e10	92527.63168987735
3.2235420019524593e10	97280.91619834618
3.2546178349804535e10	102275.46588520086
3.2859932476006474e10	107523.4035679038
3.3176711278428616e10	113037.4559708619
3.3496543915782795e10	118830.98358544761
3.3819459827879257e10	124918.01213811802
3.4145488738336006e10	131313.2653813215
3.447466065731491e10	138032.19944719094
3.480700588428406e10	145091.0408954615
3.5142555010806915e10	152506.81641842748
3.5481338923357605e10	160297.40615342997
3.58233888061648e10	168481.57452258226
3.616873614408161e10	177079.01864514945
3.651741272548377e10	186110.41337791312
3.686945064519573e10	195597.45958168214
3.72248823074449e10	205562.93453891066
3.758374042884435e10	216030.74477920475
3.7946058041404335e10	227025.98153103143
3.831186849557293e10	238574.97946376854
3.868120546330525e10	250705.377915909
3.905410294116381e10	263446.18495279446
3.94305952534472e10	276827.8445061654
3.981071705534969e10	290882.3068465418
4.01945033361512e10	305643.10284247773
4.058198942243807e10	321145.4212610576
4.097321098135422e10	337426.1904073964
4.136820402388512e10	354524.16354823415
4.1767004908171906e10	372480.0082173989
4.216965034285822e10	391336.40015806135
4.2576177390469154e10	411138.12189465365
4.298662347082272e10	431932.16604416526
4.340102636447431e10	453767.8434047314
4.3819424216194275e10	476696.89646630926
4.424185553847923e10	500773.6186480141
4.466835921509635e10	526054.9791609555
4.509897450466355e10	552600.753730973
4.553374104426248e10	580473.6619368382
4.597269885308718e10	609739.5111702222
4.641588833612772e10	640467.3483933976
4.686335028788963e10	672729.6165704733
4.7315125896148125e10	706602.3222538799
4.777125674574048e10	742165.2089520512
4.823178482239309e10	779501.9396690229
4.869675251658631e10	818700.2879977494
4.9166202627456406e10	859852.3387164322
4.964017836673511e10	903054.6981329606
5.011872336272715e10	948408.7142921196
5.060188166432613e10	996020.7075521294
5.108969774506934e10	1.046002213385967e6
5.1582216507230606e10	1.098470236378845e6
5.207948328595465e10	1.153547516469664e6
5.2581543853429276e10	1.211362808299127e6
5.308844442309879e10	1.2720511620529238e6
5.360023165391785e10	1.3357542080357098e6
5.4116952654646484e10	1.4026205425588419e6
5.463865498818551e10	1.4728060362501882e6
5.5165386675955864e10	1.5464741837839154e6
5.569719620231798e10	1.6237964736669555e6
5.6234132519034904e10	1.7049527765635112e6
5.677624504977816e10	1.79013175205656e6
5.732358369467708e10	1.8795312749002834e6
5.787619883491197e10	1.973358881878561e6
5.843414133735163e10	2.0718322396189566e6
5.899746255923572e10	2.175179635379512e6
5.956621435290109e10	2.2836404915846586e6
6.0140449070556175e10	2.397465904850718e6
6.072021956909884e10	2.516919210185773e6
6.130557921498202e10	2.642276572615523e6
6.189658188912597e10	2.7738276084409514e6
6.249328199187811e10	2.911876035292727e6
6.3095734448019424e10	3.056740353426998e6
6.37039947118217e10	3.2087545610504607e6
6.431811877215091e10	3.368268901275002e6
6.493816315762113e10	3.535650645301473e6
6.556418494179785e10	3.711284914430765e6
6.6196241748451454e10	3.895575540699579e6
6.683439175686135e10	4.088945966220908e6
6.747869370717123e10	4.291840188938445e6
6.812920690579622e10	4.504723754163383e6
6.878599123088081e10	4.728084791194286e6
6.944910713781213e10	4.962435100410936e6
7.011861566478363e10	5.208311292654389e6
7.079457843841373e10	5.466275980350696e6
7.147705767941846e10	5.736919026786622e6
7.216611620833897e10	6.020858855689562e6
7.286181745132289e10	6.318743822457446e6
7.356422544596422e10	6.6312536494383635e6
7.427340484719673e10	6.959100930959392e6
7.498942093324559e10	7.303032710225126e6
7.571233961163602e10	7.663832130223635e6
7.644222742525995e10	8.042320163096072e6
7.717915155850111e10	8.439357421370443e6
7.792317984341924e10	8.855846054241588e6
7.86743807659941e10	9.292731735284505e6
7.943282347242822e10	9.751005743731927e6
8.019857777551352e10	1.0231707144221466e7
8.097171416105618e10	1.0735925070838058e7
8.175230379436493e10	1.126480111558758e7
8.254041852680173e10	1.1819531832190327e7
8.333613090239577e10	1.2401371358003486e7
8.413951416451965e10	1.3011634137528265e7
8.49506422626333e10	1.3651697839998918e7
8.576958985908946e10	1.432300638721451e7
8.659643233600653e10	1.5027072990788572e7
8.743124580220732e10	1.5765483525287237e7
8.827410710022461e10	1.6539900057817876e7
8.91250938133744e10	1.7352064356563766e7
8.998428427289726e10	1.82038017196081e7
9.085175756516881e10	1.909702493388276e7
9.172759353897803e10	2.0033738418257162e7
9.261187281287938e10	2.1016042577901457e7
9.350467678261195e10	2.2046138408939682e7
9.440608762859225e10	2.312633220467526e7
9.531618832347862e10	2.425904043356566e7
9.623506263980907e10	2.5446795068697304e7
9.716279515771077e10	2.66922490963888e7
9.809947127268784e10	2.7998182179111317e7
9.904517720348015e10	2.936750671667053e7
1.e11	3.0803274015725262e7
1.0096402755134482e11	3.2308680821398325e7
1.0193734859388716e11	3.388707620807695e7
1.0292005271944264e11	3.554196876202365e7
1.039122303835167e11	3.727703410260779e7
1.0491397291363069e11	3.909612271121232e7
1.0592537251772897e11	4.100326817456723e7
1.0694652229266452e11	4.3002695843226604e7
1.0797751623277094e11	4.509883173185322e7
1.0901844923851268e11	4.7296311968985036e7
1.1006941712522125e11	4.959999268290142e7
1.1113051663191304e11	5.201496027570309e7
1.1220184543019653e11	5.454654221856099e7
1.1328350213326096e11	5.720031841851587e7
1.1437558630495389e11	5.998213289092628e7
1.1547819846894582e11	6.289810611321055e7
1.1659144011798311e11	6.595464796165324e7
1.1771541372323016e11	6.91584712229127e7
1.1885022274370164e11	7.251660576039068e7
1.1999597163578563e11	7.603641326417854e7
1.2115276586285852e11	7.972560260294291e7
1.2232071190499326e11	8.359224616385399e7
1.2349991726875851e11	8.764479655856441e7
1.2469049049711742e11	9.189210425260656e7
1.2589254117941661e11	9.634343599029651e7
1.2710617996147484e11	1.010084943173594e8
1.2833151855576538e11	1.0589743779742691e8
1.2956866975170216e11	1.1102090208849636e8
1.3081774742601955e11	1.1639002162845555e8
1.3207886655325507e11	1.2201645285414882e8
1.333521432163324e11	1.2791239857078615e8
1.3463769461724666e11	1.3409063311772084e8
1.3593563908785242e11	1.4056452824910071e8
1.3724609610075597e11	1.4734808073768458e8
1.3856918628031244e11	1.5445594155018345e8
1.39905031413729e11	1.6190344598116213e8
1.4125375446227554e11	1.6970664431714597e8
1.4261547957260086e11	1.7788233485121286e8
1.4399033208816327e11	1.8644809839242417e8
1.4537843856076605e11	1.9542233415690866e8
1.4677992676220737e11	2.04824296782166e8
1.481949256960388e11	2.1467413543403774e8
1.4962356560944357e11	2.2499293444624367e8
1.510659780052231e11	2.3580275642527634e8
1.5252229565390198e11	2.4712668662098354e8
1.539926526059492e11	2.5898887947431156e8
1.5547718420411728e11	2.7141460670364684e8
1.569760270959001e11	2.8443030826207864e8
1.5848931924611108e11	2.9806364528774804e8
1.6001719994958246e11	3.12343555023413e8
1.6155980984398697e11	3.2730030864520156e8
1.6311729092278397e11	3.429655714343669e8
1.646897865482869e11	3.5937246553774726e8
1.6627744146486334e11	3.765556356103246e8
1.678804018122559e11	3.9455131715897566e8
1.6949881513903513e11	4.133974078237969e8
1.7113283041617847e11	4.3313354196049535e8
1.7278259805078662e11	4.5380116838093525e8
1.744482698999256e11	4.754436326834015e8
1.7612999928460526e11	4.9810626008189493e8
1.7782794100389227e11	5.218364433046227e8
1.7954225134915903e11	5.466837352491715e8
1.8127308811846967e11	5.726999449033122e8
1.8302061063110532e11	5.999392373444289e8
1.847849797422287e11	6.28458237962277e8
1.8656635785769073e11	6.583161412083611e8
1.883649089489802e11	6.895748239203739e8
1.9018079856831396e11	7.222989634292986e8
1.920141938638801e11	7.565561609696361e8
1.9386526359522058e11	7.924170695626811e8
1.9573417814876657e11	8.29955527625737e8
1.9762110955351904e11	8.692486982363728e8
1.9952623149688828e11	9.10377213664006e8
2.0144971934067834e11	9.534253270003097e8
2.033917501372293e11	9.984810694397697e8
2.053525026457146e11	1.04563641371578e9
2.073321573485954e11	1.09498744505025e9
2.0933089646823346e11	1.1466345389179814e9
2.1134890398366434e11	1.200682546704393e9
2.1338636564753217e11	1.257240986487929e9
2.1544346900318777e11	1.3164242432999432e9
2.1752040340195245e11	1.3783517770325863e9
2.1961736002054367e11	1.443148339892206e9
2.2173453187867786e11	1.5109441987679992e9
2.2387211385683377e11	1.581875376773041e9
2.2603030271419263e11	1.656083892495772e9
2.2820929710674554e11	1.733718006410481e9
2.3040929760558493e11	1.814932496706733e9
2.3263050671536285e11	1.8998889232913396e9
2.3487312889293204e11	1.9887559209104207e9
2.3713737056616553e11	2.0817094816408708e9
2.3942344015295804e11	2.1789332695616565e9
2.4173154808041013e11	2.2806189384505506e9
2.4406190680419763e11	2.3869664637897897e9
2.4641473082812762e11	2.498184482212832e9
2.4879023672388297e11	2.614490647653959e9
2.5118864315095822e11	2.736112005981486e9
2.5361017087678268e11	2.8632853705704503e9
2.5605504279704755e11	2.996257718504895e9
2.5852348395621887e11	3.13528661225494e9
2.610157215682544e11	3.280640630396474e9
2.6353198503751385e11	3.4325997773511853e9
2.660725059798814e11	3.5914559783762965e9
2.6863751824408105e11	3.7575135405153437e9
2.7122725793320297e11	3.931089636883128e9
2.7384196342643613e11	4.112514818610048e9
2.7648187540101056e11	4.302133545679803e9
2.791472368543512e11	4.500304725481098e9
2.8183829312644495e11	4.707402277423353e9
2.845552919224238e11	4.923815709996645e9
2.8729848333536566e11	5.149950724498333e9
2.900681198693156e11	5.386229832533593e9
2.9286445646252374e11	5.633092994528825e9
2.956877505109187e11	5.890998285420187e9
2.985382618917957e11	6.160422564641428e9
3.014162529877398e11	6.441862185745092e9
3.043219887107728e11	6.735833717323264e9
3.072557365267452e11	7.042874690276078e9
3.1021776647995044e11	7.363544357098973e9
3.132083512179837e11	7.698424489239945e9
3.1622776601683795e11	8.048120164636459e9
3.192762888062425e11	8.413260638636842e9
3.223542001952459e11	8.794500164949852e9
3.2546178349804535e11	9.192518870952017e9
3.2859932476006476e11	9.608023682220442e9
3.317671127842848e11	1.0041749255030289e10
3.3496543915782794e11	1.04944588905376e10
3.3819459827879254e11	1.096694545285409e10
3.4145488738336005e11	1.1460032419195782e10
3.447466065731491e11	1.1974574893477074e10
3.4807005884284204e11	1.2511460553173187e10
3.5142555010806915e11	1.30716108286917e10
3.5481338923357605e11	1.365598186205878e10
3.582338880616481e11	1.4265565630097431e10
3.616873614408161e11	1.490139096686894e10
3.651741272548377e11	1.5564524809972662e10
3.6869450645195734e11	1.6256073112223164e10
3.7224882307444904e11	1.6977182156655106e10
3.7583740428844354e11	1.7729039700562405e10
3.794605804140434e11	1.8512876020048836e10
3.831186849557277e11	1.9329965075882694e10
3.868120546330525e11	2.0181625811258587e10
3.905410294116381e11	2.10692230657985e10
3.94305952534472e11	2.1994168916970726e10
3.9810717055349695e11	2.2957923717816883e10
4.019450333615136e11	2.3961997308489105e10
4.0581989422438074e11	2.500794982945594e10
4.097321098135422e11	2.6097393428640125e10
4.1368204023885114e11	2.7231992452601494e10
4.1767004908171906e11	2.8413465283374306e10
4.216965034285823e11	2.9643584527559326e10
4.257617739046915e11	3.09241787711152e10
4.2986623470822723e11	3.2257132734473156e10
4.340102636447431e11	3.364438837943997e10
4.3819424216194275e11	3.508794472499737e10
4.424185553847905e11	3.658986128295806e10
4.466835921509635e11	3.8152254666143234e10
4.509897450466355e11	3.977730245011595e10
4.553374104426248e11	4.146723987745611e10
4.597269885308718e11	4.3224363120963806e10
4.641588833612792e11	4.505102842063744e10
4.6863350287889636e11	4.694965021386714e10
4.7315125896148126e11	4.892270390265437e10
4.7771256745740485e11	5.097272218439732e10
4.823178482239309e11	5.310229402743846e10
4.869675251658631e11	5.531406903718286e10
4.916620262745641e11	5.761074863869539e10
4.964017836673511e11	5.999508814676902e10
5.011872336272715e11	6.2469892941779976e10
5.060188166432613e11	6.503801981010406e10
5.108969774506914e11	6.7702370655930664e10
5.158221650723061e11	7.046588834701839e10
5.207948328595465e11	7.333155166850276e10
5.258154385342927e11	7.630238110548268e10
5.308844442309879e11	7.938142102330312e10
5.3600231653918066e11	8.25717427733114e10
5.4116952654646484e11	8.587643373643e10
5.463865498818551e11	8.929858953004413e10
5.516538667595586e11	9.284130747645921e10
5.569719620231798e11	9.650768483094922e10
5.623413251903491e11	1.0030079420707683e11
5.677624504977816e11	1.0422368452908826e11
5.732358369467708e11	1.082793696058949e11
5.787619883491198e11	1.1247080678687912e11
5.843414133735164e11	1.1680088872196841e11
5.899746255923547e11	1.2127243601127489e11
5.95662143529011e11	1.258881488117916e11
6.014044907055618e11	1.3065062242505623e11
6.072021956909884e11	1.355623129338934e11
6.130557921498202e11	1.4062551218545416e11
6.189658188912622e11	1.4584233334699673e11
6.249328199187811e11	1.5121466075098737e11
6.309573444801943e11	1.5674415115979175e11
6.37039947118217e11	1.6243217525037683e11
6.431811877215092e11	1.6827980663142728e11
6.493816315762113e11	1.7428776305444974e11
6.556418494179785e11	1.8045636333635587e11
6.619624174845145e11	1.867855199141592e11
6.683439175686135e11	1.932746648291382e11
6.747869370717123e11	1.99922691514609e11
6.812920690579595e11	2.0672790185165326e11
6.878599123088081e11	2.1368795887392563e11
6.944910713781215e11	2.2079980789305295e11
7.011861566478363e11	2.2805959804857773e11
7.079457843841373e11	2.354626823400792e11
7.147705767941875e11	2.4300342100706918e11
7.216611620833898e11	2.5067512796100974e11
7.286181745132289e11	2.5847002299487936e11
7.356422544596421e11	2.6637911036645587e11
7.427340484719673e11	2.743920586216012e11
7.498942093324558e11	2.824970455054798e11
7.571233961163601e11	2.906807069245435e11
7.644222742525994e11	2.989279611036014e11
7.717915155850111e11	3.072218043902497e11
7.792317984341924e11	3.1554330524732776e11
7.867438076599377e11	3.2387131462956903e11
7.943282347242821e11	3.321822565265893e11
8.019857777551353e11	3.404497979223825e11
8.097171416105618e11	3.486452644342258e11
8.175230379436493e11	3.567366985929346e11
8.254041852680206e11	3.646889000079256e11
8.333613090239576e11	3.724631984721539e11
8.413951416451964e11	3.800171176880705e11
8.49506422626333e11	3.873040718037948e11
8.576958985908945e11	3.942731966400784e11
8.659643233600653e11	4.0086874188683954e11
8.743124580220731e11	4.070297994354239e11
8.827410710022461e11	4.126902850840508e11
8.91250938133744e11	4.177776637678213e11
8.998428427289725e11	4.222135352357125e11
9.085175756516843e11	4.2591235674065515e11
9.172759353897804e11	4.287814024051743e11
9.261187281287937e11	4.3071972531343524e11
9.350467678261195e11	4.316181480945614e11
9.440608762859226e11	4.313583844942797e11
9.531618832347902e11	4.298121473436491e11
9.623506263980907e11	4.2684091691832294e11
9.716279515771078e11	4.222945736889026e11
9.809947127268784e11	4.1601097307703284e11
9.904517720348015e11	4.0781520598947046e11
1.e12	3.9751792781773004e11