1.e7	0.9999968804559458
1.0096402755134482e7	0.9999968669215559
1.0193734859388737e7	0.999996853260713
1.0292005271944286e7	0.9999968394720394
1.039122303835169e7	0.999996825554119
1.049139729136309e7	0.9999968115054935
1.0592537251772897e7	0.9999967973246621
1.0694652229266452e7	0.9999967830100787
1.0797751623277094e7	0.9999967685601504
1.0901844923851268e7	0.9999967539732355
1.1006941712522103e7	0.9999967392476412
1.1113051663191281e7	0.9999967243816222
1.122018454301963e7	0.9999967093733783
1.1328350213326072e7	0.9999966942210519
1.1437558630495388e7	0.9999966789227277
1.154781984689458e7	0.9999966634764289
1.1659144011798311e7	0.9999966478801163
1.177154137232304e7	0.9999966321316863
1.188502227437019e7	0.9999966162289686
1.1999597163578587e7	0.9999966001697247
1.2115276586285876e7	0.9999965839516458
1.2232071190499326e7	0.9999965675723517
1.234999172687585e7	0.9999965510293878
1.2469049049711742e7	0.9999965343202255
1.2589254117941663e7	0.9999965174422585
1.2710617996147458e7	0.9999965003928026
1.2833151855576513e7	0.9999964831690946
1.295686697517019e7	0.9999964657682893
1.308177474260193e7	0.9999964481874611
1.3207886655325506e7	0.9999964304235996
1.333521432163324e7	0.999996412473612
1.3463769461724665e7	0.9999963943343199
1.3593563908785269e7	0.9999963760024595
1.3724609610075625e7	0.9999963574746815
1.3856918628031274e7	0.9999963387475497
1.3990503141372928e7	0.9999963198175421
1.4125375446227554e7	0.9999963006810495
1.4261547957260085e7	0.9999962813343769
1.4399033208816327e7	0.9999962617737427
1.4537843856076606e7	0.9999962419952805
1.4677992676220706e7	0.9999962219950383
1.4819492569603847e7	0.9999962017689805
1.4962356560944328e7	0.9999961813129887
1.510659780052228e7	0.9999961606228629
1.5252229565390198e7	0.9999961396943237
1.539926526059492e7	0.9999961185230122
1.5547718420411726e7	0.999996097104495
1.5697602709590042e7	0.9999960754342634
1.5848931924611142e7	0.9999960535077377
1.6001719994958278e7	0.9999960313202693
1.6155980984398728e7	0.9999960088671433
1.6311729092278397e7	0.9999959861435823
1.6468978654828688e7	0.9999959631447496
1.6627744146486335e7	0.9999959398657522
1.678804018122559e7	0.9999959163016454
1.6949881513903476e7	0.9999958924474369
1.711328304161781e7	0.9999958682980903
1.7278259805078626e7	0.9999958438485307
1.744482698999252e7	0.9999958190936489
1.7612999928460523e7	0.9999957940283062
1.7782794100389227e7	0.9999957686473406
1.7954225134915903e7	0.9999957429455714
1.8127308811846968e7	0.999995716917805
1.8302061063110568e7	0.9999956905588411
1.8478497974222906e7	0.9999956638634786
1.865663578576911e7	0.9999956368265221
1.883649089489802e7	0.9999956094427879
1.9018079856831398e7	0.9999955817071108
1.920141938638801e7	0.9999955536143513
1.9386526359522056e7	0.9999955251594025
1.9573417814876616e7	0.9999954963371964
1.9762110955351863e7	0.9999954671427128
1.9952623149688788e7	0.9999954375709844
2.0144971934067793e7	0.9999954076171066
2.033917501372293e7	0.9999953772762433
2.053525026457146e7	0.9999953465436361
2.073321573485954e7	0.9999953154146106
2.0933089646823347e7	0.9999952838845848
2.1134890398366477e7	0.999995251949078
2.133863656475326e7	0.9999952196037161
2.1544346900318824e7	0.9999951868442422
2.1752040340195246e7	0.9999951536665227
2.1961736002054367e7	0.9999951200665562
2.2173453187867787e7	0.9999950860404805
2.2387211385683376e7	0.99999505158458
2.2603030271419216e7	0.9999950166952956
2.282092971067451e7	0.9999949813692284
2.3040929760558445e7	0.9999949456031514
2.3263050671536237e7	0.9999949093940131
2.34873128892932e7	0.999994872738947
2.3713737056616552e7	0.999994835635278
2.3942344015295804e7	0.999994798080528
2.4173154808041014e7	0.9999947600724243
2.4406190680419814e7	0.9999947216089045
2.4641473082812812e7	0.999994682688123
2.4879023672388345e7	0.9999946433084568
2.5118864315095823e7	0.9999946034685112
2.536101708767827e7	0.9999945631671248
2.5605504279704753e7	0.9999945224033737
2.5852348395621885e7	0.9999944811765773
2.6101572156825386e7	0.9999944394863016
2.635319850375133e7	0.9999943973323626
2.6607250597988084e7	0.9999943547148311
2.686375182440805e7	0.9999943116340339
2.71227257933203e7	0.9999942680905578
2.738419634264361e7	0.9999942240852503
2.764818754010106e7	0.9999941796192227
2.791472368543512e7	0.9999941346938506
2.818382931264455e7	0.9999940893107739
2.845552919224244e7	0.9999940434718981
2.872984833353663e7	0.9999939971793935
2.900681198693156e7	0.999993950435694
2.928644564625237e7	0.9999939032434966
2.9568775051091872e7	0.9999938556057593
2.9853826189179573e7	0.9999938075256976
3.0141625298773922e7	0.9999937590067834
3.043219887107722e7	0.9999937100527402
3.0725573652674455e7	0.9999936606675389
3.102177664799498e7	0.9999936108553943
3.132083512179837e7	0.99999356062076
3.162277660168379e7	0.9999935099683208
3.192762888062425e7	0.9999934589029884
3.2235420019524593e7	0.999993407429894
3.2546178349804603e7	0.9999933555543808
3.285993247600654e7	0.9999933032819963
3.3176711278428547e7	0.9999932506184835
3.3496543915782794e7	0.9999931975697727
3.381945982787926e7	0.9999931441419713
3.4145488738336004e7	0.9999930903413539
3.447466065731491e7	0.9999930361743523
3.480700588428413e7	0.9999929816475438
3.514255501080684e7	0.9999929267676403
3.548133892335753e7	0.9999928715414759
3.582338880616481e7	0.9999928159759947
3.616873614408161e7	0.9999927600782381
3.651741272548377e7	0.999992703855331
3.686945064519574e7	0.9999926473144689
3.72248823074449e7	0.9999925904629025
3.758374042884443e7	0.9999925333079254
3.794605804140442e7	0.9999924758568564
3.831186849557285e7	0.9999924181170272
3.868120546330525e7	0.9999923600957653
3.905410294116381e7	0.9999923018003788
3.94305952534472e7	0.9999922432381398
3.981071705534969e7	0.9999921844162697
4.019450333615128e7	0.9999921253419206
4.058198942243799e7	0.9999920660221614
4.097321098135413e7	0.9999920064639584
4.1368204023885116e7	0.9999919466741602
4.176700490817191e7	0.9999918866594808
4.2169650342858225e7	0.9999918264264811
4.2576177390469156e7	0.999991765981554
4.298662347082272e7	0.9999917053309055
4.34010263644744e7	0.9999916444805401
4.381942421619436e7	0.9999915834362415
4.424185553847914e7	0.9999915222035574
4.466835921509635e7	0.9999914607877833
4.509897450466355e7	0.9999913991939451
4.553374104426248e7	0.999991337426784
4.597269885308718e7	0.9999912754907405
4.641588833612782e7	0.9999912133899389
4.686335028788954e7	0.9999911511281725
4.7315125896148026e7	0.9999910887088893
4.777125674574048e7	0.9999910261351768
4.823178482239309e7	0.99999096340975
4.869675251658631e7	0.9999909005349374
4.9166202627456404e7	0.9999908375126683
4.964017836673511e7	0.9999907743444618
5.011872336272725e7	0.999990711031416
5.0601881664326236e7	0.9999906475741956
5.108969774506924e7	0.9999905839730254
5.158221650723061e7	0.9999905202276792
5.207948328595465e7	0.9999904563374726
5.258154385342927e7	0.9999903923012564
5.3088444423098795e7	0.9999903281174102
5.360023165391796e7	0.9999902637838376
5.4116952654646374e7	0.999990199297962
5.46386549881854e7	0.999990134656724
5.516538667595586e7	0.9999900698565793
5.569719620231798e7	0.9999900048934984
5.623413251903491e7	0.9999899397629664
5.677624504977816e7	0.9999898744599852
5.732358369467708e7	0.999989808979077
5.787619883491209e7	0.9999897433142872
5.8434141337351754e7	0.9999896774591912
5.8997462559235595e7	0.9999896114069005
5.956621435290109e7	0.9999895451500709
6.014044907055618e7	0.9999894786809125
6.072021956909884e7	0.9999894119911998
6.130557921498202e7	0.9999893450722849
6.18965818891261e7	0.9999892779151102
6.249328199187798e7	0.999989210510224
6.3095734448019296e7	0.9999891428477973
6.37039947118217e7	0.9999890749176413
6.431811877215091e7	0.9999890067092264
6.493816315762113e7	0.9999889382117036
6.556418494179785e7	0.9999888694139264
6.619624174845146e7	0.9999888003044737
6.6834391756861486e7	0.9999887308716762
6.747869370717137e7	0.9999886611036415
6.812920690579608e7	0.9999885909882822
6.878599123088081e7	0.999988520513345
6.944910713781214e7	0.9999884496664411
7.011861566478363e7	0.9999883784350782
7.079457843841374e7	0.9999883068066933
7.147705767941861e7	0.9999882347686867
7.216611620833883e7	0.9999881623084584
7.286181745132273e7	0.9999880894134446
7.356422544596422e7	0.9999880160711555
7.427340484719673e7	0.9999879422692144
7.498942093324558e7	0.999987867995399
7.571233961163601e7	0.9999877932376825
7.644222742525995e7	0.9999877179842759
7.717915155850127e7	0.9999876422236718
7.79231798434194e7	0.9999875659446897
7.867438076599394e7	0.9999874891365215
7.943282347242822e7	0.9999874117887785
8.019857777551351e7	0.9999873338915386
8.097171416105618e7	0.9999872554353965
8.175230379436493e7	0.9999871764115114
8.25404185268019e7	0.9999870968116592
8.333613090239559e7	0.9999870166282837
8.413951416451947e7	0.9999869358545481
8.49506422626333e7	0.9999868544843898
8.576958985908946e7	0.999986772512573
8.659643233600654e7	0.9999866899347442
8.743124580220732e7	0.9999866067474883
8.82741071002246e7	0.9999865229483847
8.91250938133746e7	0.9999864385360651
8.998428427289744e7	0.9999863535102707
9.085175756516862e7	0.9999862678719129
9.172759353897804e7	0.9999861816231315
9.261187281287937e7	0.9999860947673566
9.350467678261195e7	0.9999860073093695
9.440608762859227e7	0.9999859192553648
9.531618832347882e7	0.9999858306130146
9.623506263980888e7	0.999985741391532
9.716279515771058e7	0.9999856516017367
9.809947127268784e7	0.9999855612561207
9.904517720348015e7	0.9999854703689154
1.e8	0.9999853789561608
1.0096402755134483e8	0.9999852870357736
1.0193734859388717e8	0.9999851946276185
1.0292005271944265e8	0.9999851017535792
1.0391223038351668e8	0.9999850084376328
1.0491397291363113e8	0.9999849147059228
1.0592537251772897e8	0.9999848205868358
1.0694652229266451e8	0.9999847261110787
1.0797751623277093e8	0.9999846313117581
1.0901844923851268e8	0.9999845362244607
1.100694171252208e8	0.9999844408873367
1.1113051663191305e8	0.9999843453411833
1.1220184543019652e8	0.9999842496295323
1.1328350213326095e8	0.9999841537987392
1.1437558630495389e8	0.9999840578980742
1.1547819846894582e8	0.9999839619798158
1.165914401179831e8	0.9999838660993482
1.1771541372323017e8	0.9999837703152598
1.1885022274370165e8	0.9999836746894457
1.1999597163578562e8	0.9999835792872145
1.2115276586285901e8	0.9999834841773948
1.2232071190499325e8	0.9999833894324506
1.2349991726875852e8	0.999983295128596
1.2469049049711742e8	0.9999832013459159
1.2589254117941661e8	0.9999831081684908
1.2710617996147431e8	0.9999830156845265
1.2833151855576539e8	0.9999829239864879
1.2956866975170216e8	0.9999828331712378
1.3081774742601955e8	0.9999827433401812
1.3207886655325507e8	0.9999826545994163
1.333521432163324e8	0.9999825670598899
1.3463769461724666e8	0.999982480837559
1.3593563908785242e8	0.9999823960535618
1.3724609610075596e8	0.9999823128343902
1.3856918628031245e8	0.9999822313120763
1.3990503141372958e8	0.9999821516243804
1.4125375446227553e8	0.9999820739149912
1.4261547957260084e8	0.999981998333732
1.4399033208816326e8	0.9999819250367781
1.4537843856076607e8	0.99998185418688
1.4677992676220676e8	0.9999817859535995
1.4819492569603878e8	0.9999817205135547
1.4962356560944358e8	0.999981658050675
1.5106597800522313e8	0.9999815987564677
1.5252229565390196e8	0.9999815428302972
1.539926526059492e8	0.9999814904796732
1.5547718420411727e8	0.9999814419205556
1.569760270959001e8	0.9999813973776689
1.584893192461111e8	0.9999813570848322
1.6001719994958246e8	0.9999813212853028
1.615598098439876e8	0.9999812902321354
1.6311729092278397e8	0.9999812641885547
1.6468978654828689e8	0.9999812434283469
1.6627744146486336e8	0.9999812282362651
1.678804018122559e8	0.9999812189084545
1.6949881513903442e8	0.9999812157528932
1.7113283041617846e8	0.999981219089854
1.727825980507866e8	0.9999812292523838
1.744482698999256e8	0.9999812465868048
1.7612999928460523e8	0.9999812714532349
1.7782794100389227e8	0.9999813042261322
1.7954225134915903e8	0.9999813452948592
1.812730881184697e8	0.9999813950642726
1.830206106311053e8	0.9999814539553377
1.847849797422287e8	0.999981522405766
1.865663578576915e8	0.9999816008706798
1.883649089489802e8	0.9999816898233065
1.9018079856831396e8	0.9999817897556958
1.920141938638801e8	0.9999819011794722
1.9386526359522057e8	0.9999820246266123
1.9573417814876577e8	0.9999821606502582
1.9762110955351904e8	0.9999823098255599
1.9952623149688828e8	0.9999824727505536
2.0144971934067833e8	0.9999826500470749
2.033917501372293e8	0.9999828423617073
2.053525026457146e8	0.9999830503667704
2.073321573485954e8	0.9999832747613446
2.0933089646823347e8	0.9999835162723401
2.1134890398366433e8	0.9999837756556039
2.1338636564753217e8	0.9999840536970743
2.1544346900318867e8	0.9999843512139787
2.1752040340195245e8	0.9999846690560812
2.1961736002054366e8	0.9999850081069768
2.2173453187867785e8	0.999985369285432
2.238721138568338e8	0.9999857535467864
2.260303027141917e8	0.9999861618844055
2.2820929710674554e8	0.9999865953311912
2.3040929760558495e8	0.9999870549611505
2.3263050671536288e8	0.9999875418910267
2.3487312889293203e8	0.9999880572819932
2.3713737056616554e8	0.9999886023414137
2.3942344015295804e8	0.9999891783246733
2.4173154808041012e8	0.9999897865370846
2.4406190680419764e8	0.9999904283358778
2.4641473082812762e8	0.9999911051322113
2.48790236723884e8	0.9999918183933248
2.511886431509582e8	0.999992569644758
2.536101708767827e8	0.9999933604726957
2.5605504279704756e8	0.9999941925263084
2.5852348395621887e8	0.999995067520226
2.610157215682533e8	0.999995987237148
2.6353198503751385e8	0.9999969535305543
2.660725059798814e8	0.9999979683275486
2.686375182440811e8	0.9999990336316079
2.71227257933203e8	1.000000151525711
2.738419634264361e8	1.0000013241755465
2.764818754010106e8	1.0000025538325445
2.7914723685435116e8	1.000003842837454
2.8183829312644494e8	1.0000051936239356
2.8455529192242384e8	1.0000066087219674
2.8729848333536685e8	1.0000080907620086
2.900681198693156e8	1.0000096424785339
2.9286445646252376e8	1.0000112667146528
2.9568775051091874e8	1.0000129664259654
2.985382618917957e8	1.000014744685433
3.014162529877386e8	1.0000166046876213
3.043219887107729e8	1.0000185497539298
3.072557365267452e8	1.0000205833371385
3.102177664799504e8	1.0000227090274283
3.132083512179837e8	1.0000249305572997
3.1622776601683795e8	1.0000272518073068
3.1927628880624247e8	1.0000296768119905
3.223542001952459e8	1.0000322097663932
3.254617834980453e8	1.0000348550320675
3.285993247600647e8	1.0000376171442786
3.3176711278428614e8	1.0000405008186422
3.349654391578279e8	1.0000435109585428
3.3819459827879256e8	1.0000466526632985
3.414548873833601e8	1.0000499312355298
3.447466065731491e8	1.0000533521898305
3.480700588428406e8	1.000056921261663
3.514255501080691e8	1.00006064441608
3.5481338923357606e8	1.000064527858043
3.582338880616481e8	1.0000685780417577
3.616873614408161e8	1.0000728016815368
3.651741272548377e8	1.0000772057632534
3.6869450645195735e8	1.0000817975548628
3.72248823074449e8	1.0000865846200409
3.7583740428844357e8	1.000091574830001
3.7946058041404337e8	1.000096776376678
3.831186849557293e8	1.0001021977884845
3.8681205463305247e8	1.0001078479429608
3.905410294116381e8	1.0001137360843997
3.94305952534472e8	1.000119871840088
3.981071705534969e8	1.0001262652358935
4.0194503336151195e8	1.0001329267183254
4.0581989422438073e8	1.0001398671704447
4.097321098135422e8	1.0001470979332934
4.1368204023885113e8	1.000154630831529
4.1767004908171904e8	1.000162478190292
4.2169650342858225e8	1.0001706528612884
4.257617739046915e8	1.00017916825555
4.298662347082272e8	1.0001880383621102
4.3401026364474314e8	1.0001972777773962
4.381942421619427e8	1.0002069017460224
4.424185553847923e8	1.0002169261832539
4.466835921509635e8	1.0002273677090505
4.509897450466355e8	1.0002382436990547
4.5533741044262487e8	1.0002495723110965
4.597269885308718e8	1.0002613725238472
4.641588833612773e8	1.0002736641998045
4.6863350287889636e8	1.0002864681188688
4.731512589614813e8	1.0002998060220203
4.777125674574048e8	1.0003137006888025
4.823178482239309e8	1.0003281759803802
4.869675251658631e8	1.0003432568874948
4.916620262745641e8	1.000358969625743
4.9640178366735107e8	1.00037534169749
5.011872336272715e8	1.0003924019398212
5.060188166432613e8	1.0004101806196946
5.108969774506935e8	1.0004287095529523
5.158221650723061e8	1.0004480221503438
5.207948328595465e8	1.000468153503794
5.2581543853429276e8	1.0004891405376002
5.308844442309879e8	1.0005110221100004
5.360023165391785e8	1.0005338390849543
5.411695265464648e8	1.0005576344721476
5.463865498818551e8	1.0005824536203678
5.516538667595586e8	1.0006083442977263
5.569719620231798e8	1.0006353568203858
5.623413251903491e8	1.0006635442739304
5.677624504977816e8	1.000692962692911
5.732358369467708e8	1.0007236711731917
5.787619883491197e8	1.0007557320835105
5.843414133735163e8	1.000789211341797
5.899746255923572e8	1.0008241785582865
5.956621435290109e8	1.000860707281692
6.014044907055618e8	1.0008988753009804
6.072021956909884e8	1.0009387648355843
6.130557921498202e8	1.0009804628533785
6.189658188912597e8	1.0010240613914272
6.249328199187812e8	1.001069657806286
6.309573444801943e8	1.0011173551737764
6.37039947118217e8	1.0011672626278276
6.431811877215091e8	1.001219495695614
6.493816315762113e8	1.0012741767666902
6.556418494179785e8	1.0013314354714782
6.619624174845146e8	1.0013914091247906
6.683439175686135e8	1.0014542432559044
6.747869370717123e8	1.0015200920565321
6.812920690579622e8	1.001589118928681
6.878599123088082e8	1.0016614970649096
6.944910713781214e8	1.0017374100199226
7.011861566478363e8	1.0018170523566305
7.079457843841373e8	1.0019006303062998
7.147705767941846e8	1.0019883624812065
7.216611620833898e8	1.0020804806121602
7.286181745132289e8	1.0021772303437346
7.356422544596422e8	1.0022788720104494
7.427340484719672e8	1.0023856815545547
7.498942093324559e8	1.002497951435828
7.571233961163601e8	1.0026159916166506
7.644222742525994e8	1.0027401305313108
7.717915155850111e8	1.0028707162152182
7.792317984341924e8	1.0030081173844803
7.86743807659941e8	1.0031527246775445
7.943282347242821e8	1.003304951846777
8.019857777551352e8	1.0034652371353714
8.097171416105617e8	1.0036340445953367
8.175230379436493e8	1.003811865638984
8.254041852680173e8	1.0039992204657053
8.333613090239576e8	1.004196659455885
8.413951416451964e8	1.0044047654341588
8.49506422626333e8	1.0046241551935473
8.576958985908946e8	1.0048554983671283
8.659643233600653e8	1.0050994321299767
8.743124580220731e8	1.0053567389047573
8.82741071002246e8	1.0056281726838867
8.912509381337441e8	1.0059145487773655
8.998428427289726e8	1.006216729276727
9.08517575651688e8	1.0065356248305426
9.172759353897803e8	1.0068721977197135
9.261187281287937e8	1.007227464227914
9.350467678261195e8	1.0076024975774105
9.440608762859226e8	1.007998430862986
9.531618832347863e8	1.0084164600550178
9.623506263980907e8	1.0088578473612433
9.716279515771078e8	1.0093239244117367
9.809947127268784e8	1.009816095882932
9.904517720348015e8	1.010335843203559
1.e9	1.010884728181414
1.0096402755134482e9	1.011464397343558
1.0193734859388716e9	1.0120765856570928
1.0292005271944265e9	1.012723121495368
1.0391223038351669e9	1.013405930404148
1.0491397291363113e9	1.0141270408830871
1.0592537251772897e9	1.0148885880863079
1.0694652229266452e9	1.0156928201550817
1.0797751623277094e9	1.0165421028726174
1.0901844923851268e9	1.0174389256841798
1.100694171252208e9	1.0183859070008416
1.1113051663191304e9	1.019385801122407
1.1220184543019652e9	1.0204415040847508
1.1328350213326094e9	1.021556059677128
1.1437558630495389e9	1.0227326679209163
1.1547819846894581e9	1.0239746909914804
1.165914401179831e9	1.025285660971604
1.1771541372323017e9	1.0266692878111316
1.1885022274370165e9	1.0281294673248464
1.1999597163578563e9	1.0296702896638488
1.21152765862859e9	1.0312960480609157
1.2232071190499325e9	1.033011247910831
1.234999172687585e9	1.0348206164645113
1.246904904971174e9	1.0367291128517324
1.258925411794166e9	1.0387419379652154
1.2710617996147432e9	1.0408645446764129
1.283315185557654e9	1.0431026493300017
1.2956866975170217e9	1.0454622497057786
1.3081774742601955e9	1.0479496205756251
1.3207886655325506e9	1.0505713431377408
1.333521432163324e9	1.0533343108286701
1.3463769461724665e9	1.0562457428143082
1.359356390878524e9	1.0593131989613465
1.3724609610075598e9	1.0625445942789158
1.3856918628031244e9	1.065948210494826
1.3990503141372957e9	1.069532710084512
1.4125375446227555e9	1.0733071935559975
1.4261547957260084e9	1.0772811005325513
1.4399033208816326e9	1.0814644532442117
1.4537843856076605e9	1.0858674745039276
1.4677992676220675e9	1.090501251306759
1.481949256960388e9	1.0953767865633253
1.496235656094436e9	1.1005065918812922
1.510659780052231e9	1.1059023828662191
1.5252229565390198e9	1.111577474725183
1.5399265260594919e9	1.1175453011071135
1.5547718420411727e9	1.1238200335678303
1.569760270959001e9	1.1304165367281007
1.5848931924611108e9	1.1373496714955598
1.6001719994958246e9	1.1446371968143247
1.615598098439876e9	1.1522943401457488
1.6311729092278397e9	1.1603392358670985
1.646897865482869e9	1.1687901994252752
1.6627744146486335e9	1.1776661875401369
1.6788040181225588e9	1.1869878473195896
1.6949881513903444e9	1.196775487558989
1.7113283041617844e9	1.2070510286490421
1.7278259805078661e9	1.2178371713039535
1.744482698999256e9	1.2291572750832571
1.7612999928460524e9	1.2410372680004604
1.7782794100389228e9	1.25350172927968
1.7954225134915903e9	1.266577840864971
1.812730881184697e9	1.280293867675497
1.830206106311053e9	1.2946791224530718
1.847849797422287e9	1.3097638840364456
1.8656635785769148e9	1.3255799655678668
1.8836490894898021e9	1.3421606529528058
1.9018079856831396e9	1.3595406275172872
1.920141938638801e9	1.377755611841728
1.9386526359522057e9	1.396843154065875
1.9573417814876575e9	1.4168429948366474
1.9762110955351903e9	1.437795235377588
1.9952623149688828e9	1.4597424159185488
2.0144971934067833e9	1.4827296312546985
2.033917501372293e9	1.5068021673585437
2.0535250264571462e9	1.5320083009604315
2.073321573485954e9	1.5583987131813501
2.0933089646823347e9	1.5860249154577946
2.1134890398366432e9	1.614941672404081
2.1338636564753218e9	1.6452057174723749
2.1544346900318866e9	1.6768753955849318
2.1752040340195246e9	1.7100138711167827
2.1961736002054367e9	1.7446835331137682
2.2173453187867785e9	1.7809519942483976
2.238721138568338e9	1.8188885713139662
2.260303027141917e9	1.858564116031747
2.2820929710674553e9	1.9000587502306745
2.3040929760558496e9	1.943446395172437
2.326305067153629e9	1.9888106042842983
2.3487312889293203e9	2.0362366090670556
2.3713737056616554e9	2.0858131577273644
2.39423440152958e9	2.1376329579624715
2.4173154808041015e9	2.1917913415713866
2.4406190680419765e9	2.248391148525868
2.464147308281276e9	2.3075342851380296
2.4879023672388396e9	2.369331317597444
2.511886431509582e9	2.43389440713901
2.536101708767827e9	2.5013431983311496
2.5605504279704757e9	2.571799435241751
2.5852348395621886e9	2.64539197386608
2.6101572156825333e9	2.722253929169949
2.6353198503751383e9	2.8025251172643064
2.660725059798814e9	2.8863496053794173
2.6863751824408107e9	2.973878720879841
2.71227257933203e9	3.0652693676364686
2.7384196342643614e9	3.160686110188554
2.7648187540101056e9	3.260298350578086
2.791472368543512e9	3.3642848136499075
2.818382931264449e9	3.4728294411379452
2.8455529192242384e9	3.5861271596900828
2.8729848333536687e9	3.704376153845439
2.9006811986931562e9	3.8277887880943795
2.9286445646252375e9	3.9565800439085197
2.956877505109187e9	4.090979978009662
2.9853826189179573e9	4.231223269346664
3.014162529877386e9	4.377557368610231
3.0432198871077285e9	4.5302392669959985
3.072557365267452e9	4.689536106193773
3.1021776647995043e9	4.855728403989946
3.132083512179837e9	5.0291046866799425
3.1622776601683793e9	5.209970697193892
3.1927628880624247e9	5.3986395282733275
3.2235420019524593e9	5.595441696774569
3.2546178349804535e9	5.800719878277461
3.2859932476006474e9	6.01483037274286
3.3176711278428617e9	6.238147598967797
3.3496543915782795e9	6.471057446194383
3.3819459827879257e9	6.713966099115085
3.4145488738336005e9	6.967294750032255
3.447466065731491e9	7.231481220325693
3.480700588428406e9	7.506987659987624
3.5142555010806913e9	7.794287530211456
3.5481338923357606e9	8.093880033280335
3.5823388806164804e9	8.406285144479703
3.616873614408161e9	8.73204197379404
3.651741272548377e9	9.071715862287915
3.686945064519573e9	9.425894108254305
3.72248823074449e9	9.795188150907585
3.7583740428844357e9	10.180241887260594
3.794605804140434e9	10.581717276136315
3.831186849557293e9	11.000309039877536
3.868120546330525e9	11.436745667430724
3.905410294116381e9	11.891778581823198
3.94305952534472e9	12.366195385140971
3.9810717055349693e9	12.860822867896747
4.0194503336151195e9	13.376512414542399
4.0581989422438073e9	13.914158048091997
4.0973210981354218e9	14.474695013891543
4.136820402388511e9	15.059091859500663
4.17670049081719e9	15.668359964462054
4.2169650342858224e9	16.303566337753775
4.2576177390469155e9	16.96580439869985
4.298662347082273e9	17.65622645021302
4.340102636447432e9	18.376034400730155
4.381942421619428e9	19.126478312742282
4.424185553847923e9	19.90886229531134
4.466835921509635e9	20.72455144945758
4.509897450466355e9	21.57497416259129
4.553374104426249e9	22.461592709373054
4.597269885308718e9	23.38596750467493
4.641588833612773e9	24.349716651984885
4.686335028788963e9	25.35451624182693
4.731512589614813e9	26.402124846172857
4.777125674574048e9	27.4943775256425
4.823178482239309e9	28.633187386041158
4.869675251658631e9	29.820549215362256
4.916620262745641e9	31.05854607162586
4.964017836673511e9	32.349355546535335
5.011872336272715e9	33.695243725060564
5.060188166432613e9	35.098578779788596
5.108969774506935e9	36.56182884837199
5.158221650723061e9	38.08758483064679
5.207948328595465e9	39.67852733796425
5.258154385342927e9	41.33746961831341
5.308844442309879e9	43.067344395846675
5.360023165391785e9	44.87121828703261
5.411695265464648e9	46.75228333843989
5.463865498818551e9	48.71387695627287
5.516538667595586e9	50.759478028803436
5.569719620231798e9	52.89273995409664
5.623413251903491e9	55.11744285341163
5.677624504977817e9	57.437555233159195
5.732358369467708e9	59.85721518572304
5.787619883491197e9	62.38074764623059
5.843414133735163e9	65.01266195371004
5.899746255923572e9	67.75766902415626
5.95662143529011e9	70.62068787727316
6.014044907055617e9	73.60685637144869
6.0720219569098835e9	76.72154273494893
6.130557921498202e9	79.97034397053567
6.189658188912597e9	83.35911198967142
6.249328199187811e9	86.89395597336157
6.309573444801943e9	90.58126028430817
6.37039947118217e9	94.42768719475224
6.431811877215091e9	98.44019716180398
6.493816315762114e9	102.62606076551657
6.556418494179785e9	106.99286865333055
6.619624174845145e9	111.54856513457248
6.683439175686135e9	116.30142527442457
6.747869370717123e9	121.26010625783256
6.812920690579622e9	126.43364985508322
6.878599123088081e9	131.83150041499098
6.944910713781214e9	137.46353054436403
7.011861566478363e9	143.34004524075021
7.079457843841373e9	149.471814627454
7.147705767941846e9	155.87009100028766
7.216611620833899e9	162.54662943471033
7.286181745132289e9	169.5137151965928
7.356422544596421e9	176.7841860335036
7.427340484719672e9	184.3714474887674
7.498942093324558e9	192.2895136291575
7.571233961163601e9	200.55302737999617
7.644222742525994e9	209.17728862250496
7.717915155850112e9	218.1782936461439
7.792317984341925e9	227.57274748212146
7.86743807659941e9	237.37811313248267
7.943282347242822e9	247.6126411466725
8.019857777551352e9	258.2954045344531
8.097171416105618e9	269.44633311772725
8.175230379436493e9	281.08627795170344
8.254041852680173e9	293.2370015396985
8.333613090239576e9	305.9212662471998
8.413951416451964e9	319.16286393781786
8.4950642262633295e9	332.9866623855023
8.576958985908946e9	347.41865484340616
8.659643233600653e9	362.48601707101295
8.743124580220732e9	378.2171542496208
8.82741071002246e9	394.64175765654426
8.91250938133744e9	411.7908699348999
8.998428427289726e9	429.69694189204506
9.08517575651688e9	448.39389936087053
9.172759353897804e9	467.9172072903067
9.261187281287937e9	488.30396535252606
9.350467678261196e9	509.5929318879428
9.440608762859226e9	531.8246459675689
9.531618832347862e9	555.0414945993499
9.623506263980907e9	579.2877971120513
9.716279515771078e9	604.6098918374198
9.809947127268784e9	631.056231141867
9.904517720348015e9	658.6774879634481
1.e10	687.5266433103694
1.0096402755134481e10	717.6590996326569
1.0193734859388716e10	749.132797724834
1.0292005271944265e10	782.0083281542679
1.039122303835167e10	816.3490561982267
1.0491397291363113e10	852.221248808234
1.0592537251772898e10	889.6942017639041
1.069465222926645e10	928.8404280481409
1.0797751623277094e10	969.7357067952989
1.0901844923851267e10	1012.459325684065
1.1006941712522081e10	1057.0942109583116
1.1113051663191305e10	1103.7270970100292
1.1220184543019653e10	1152.4486983871711
1.1328350213326096e10	1203.3539000554094
1.1437558630495388e10	1256.5419588460757
1.1547819846894583e10	1312.1168530105076
1.1659144011798311e10	1370.1870744201258
1.1771541372323017e10	1430.8662432129681
1.1885022274370165e10	1494.2732097976468
1.1999597163578562e10	1560.5323087021504
1.21152765862859e10	1629.773609842835
1.2232071190499325e10	1702.133174589612
1.234999172687585e10	1777.753355009361
1.246904904971174e10	1856.783074374704
1.2589254117941662e10	1939.3781477053565
1.2710617996147432e10	2025.7015876460491
1.2833151855576538e10	2115.923933349966
1.2956866975170216e10	2210.2236287362175
1.3081774742601955e10	2308.7873736832694
1.3207886655325506e10	2411.8105133257072
1.333521432163324e10	2519.497441202756
1.3463769461724665e10	2632.0620203447534
1.3593563908785242e10	2749.7280293106605
1.3724609610075598e10	2872.729621144125
1.3856918628031244e10	3001.311829713241
1.3990503141372957e10	3135.7310566597457
1.4125375446227554e10	3276.255593824109
1.4261547957260084e10	3423.1662006265997
1.4399033208816326e10	3576.7566886751447
1.4537843856076607e10	3737.3345279925525
1.4677992676220675e10	3905.2214836917296
1.4819492569603878e10	4080.7542892393876
1.4962356560944359e10	4264.285348560726
1.5106597800522312e10	4456.183468735534
1.5252229565390198e10	4656.834630285216
1.539926526059492e10	4866.64281446262
1.5547718420411726e10	5086.030810143067
1.569760270959001e10	5315.441109403793
1.5848931924611109e10	5555.336860025589
1.6001719994958244e10	5806.202814087031
1.6155980984398762e10	6068.546325768255
1.6311729092278397e10	6342.898417461338
1.646897865482869e10	6629.814913505169
1.6627744146486336e10	6929.877627398673
1.678804018122559e10	7243.695555101443
1.6949881513903442e10	7571.906200173035
1.7113283041617846e10	7915.176831815754
1.7278259805078663e10	8274.206475134204
1.7444826989992558e10	8649.725030239353
1.7612999928460526e10	9042.497266214255
1.778279410038923e10	9453.328171906369
1.79542251349159e10	9883.05268452598
1.812730881184697e10	10332.55024860891
1.830206106311053e10	10802.739909644535
1.847849797422287e10	11294.583865060715
1.865663578576915e10	11809.089476637551
1.883649089489802e10	12347.31133210567
1.9018079856831398e10	12910.353497506936
1.9201419386388012e10	13499.371837884059
1.9386526359522057e10	14115.576482456858
1.9573417814876575e10	14760.234355509941
1.9762110955351902e10	15434.67190234265
1.9952623149688828e10	16140.277920245398
2.0144971934067833e10	16878.506400191254
2.033917501372293e10	17650.879688957557
2.053525026457146e10	18458.991573928655
2.073321573485954e10	19304.510868301364
2.0933089646823345e10	20189.18494749093
2.1134890398366432e10	21114.843380317543
2.1338636564753216e10	22083.401841143885
2.1544346900318867e10	23096.86612864259
2.1752040340195244e10	24157.336468991685
2.1961736002054367e10	25267.012013503663
2.2173453187867786e10	26428.195510115376
2.2387211385683376e10	27643.298169234087
2.260303027141917e10	28914.84483461972
2.2820929710674557e10	30245.47932330791
2.3040929760558495e10	31637.97010397666
2.3263050671536285e10	33095.21626532774
2.34873128892932e10	34620.25358645475
2.3713737056616554e10	36216.26104613449
2.3942344015295803e10	37886.567621707225
2.417315480804101e10	39634.6594397659
2.440619068041976e10	41464.187121710944
2.4641473082812763e10	43378.9736405556
2.4879023672388397e10	45383.022548601795
2.511886431509582e10	47480.526453721664
2.536101708767827e10	49675.87601896732
2.5605504279704754e10	51973.66940925679
2.5852348395621887e10	54378.72205273702
2.6101572156825333e10	56896.07697198969
2.6353198503751385e10	59531.015652127564
2.660725059798814e10	62289.069294061075
2.6863751824408104e10	65176.030608461224
2.7122725793320297e10	68197.96630403062
2.7384196342643612e10	71361.23010118883
2.764818754010106e10	74672.47637334798
2.791472368543512e10	78138.674404551
2.8183829312644493e10	81767.12311955444
2.8455529192242382e10	85565.46709516729
2.8729848333536686e10	89541.71284604094
2.900681198693156e10	93704.24596435258
2.9286445646252373e10	98061.84913150847
2.9568775051091873e10	102623.72103687435
2.9853826189179573e10	107399.49615081104
3.0141625298773857e10	112399.2653709537
3.0432198871077286e10	117633.59772027697
3.072557365267452e10	123113.5631153715
3.1021776647995045e10	128850.7561405755
3.132083512179837e10	134857.3208754179
3.1622776601683792e10	141145.977115596
3.192762888062425e10	147730.04776728974
3.2235420019524593e10	154623.48745463573
3.2546178349804535e10	161840.9123347826
3.2859932476006474e10	169397.63174250294
3.3176711278428616e10	177309.68119088476
3.3496543915782795e10	185593.85690300667
3.3819459827879257e10	194267.75223041855
3.4145488738336006e10	203349.7954236548
3.447466065731491e10	212859.2891288608
3.480700588428406e10	222816.455144716
3.5142555010806915e10	233242.46403374104
3.5481338923357605e10	244159.50372809923
3.58233888061648e10	255590.80877425938
3.616873614408161e10	267560.7182861928
3.651741272548377e10	280094.72688327084
3.686945064519573e10	293219.5397891759
3.72248823074449e10	306963.13019506313
3.758374042884435e10	321354.79925400874
3.7946058041404335e10	336425.239002877
3.831186849557293e10	352206.59925239586
3.868120546330525e10	368732.55700783036
3.905410294116381e10	386038.38891897886
3.94305952534472e10	404161.04709791485
3.981071705534969e10	423139.2386347321
4.01945033361512e10	443013.5094756728
4.058198942243807e10	463826.3313137438
4.097321098135422e10	485622.19356218004
4.136820402388512e10	508447.6993697988
4.1767004908171906e10	532351.6657291716
4.216965034285822e10	557385.2288191916
4.2576177390469154e10	583601.9544426441
4.298662347082272e10	611057.9536100223
4.340102636447431e10	639812.0031956312
4.3819424216194275e10	669925.6725964108
4.424185553847923e10	701463.456748139
4.466835921509635e10	734492.915171552
4.509897450466355e10	769084.8172730305
4.553374104426248e10	805313.2949834894
4.597269885308718e10	843256.0025915108
4.641588833612772e10	882994.2852579211
4.686335028788963e10	924613.3517390412
4.7315125896148125e10	968202.4602892951
4.777125674574048e10	1.0138551101706896e6
4.823178482239309e10	1.0616692432694347e6
4.869675251658631e10	1.1117474548195708e6
4.9166202627456406e10	1.1641972145264407e6
4.964017836673511e10	1.2191310982293629e6
5.011872336272715e10	1.2766670300132583e6
5.060188166432613e10	1.3369285353160338e6
5.108969774506934e10	1.4000450078087477e6
5.1582216507230606e10	1.4661519880148917e6
5.207948328595465e10	1.5353914550710414e6
5.2581543853429276e10	1.6079121327084359e6
5.308844442309879e10	1.6838697897137268e6
5.360023165391785e10	1.7634275381163892e6
5.4116952654646484e10	1.846756291554939e6
5.463865498818551e10	1.934035085106056e6
5.5165386675955864e10	2.0254514544166152e6
5.569719620231798e10	2.1212018380894484e6
5.6234132519034904e10	2.221492000297268e6
5.677624504977816e10	2.3265374729302824e6
5.732358369467708e10	2.436564018485234e6
5.787619883491197e10	2.5518081149811214e6
5.843414133735163e10	2.672517462872687e6
5.899746255923572e10	2.7989515167028443e6
5.956621435290109e10	2.931382042125936e6
6.0140449070556175e10	3.070093698836083e6
6.072021956909884e10	3.21538464980036e6
6.130557921498202e10	3.367567199802788e6
6.189658188912597e10	3.5269684662078936e6
6.249328199187811e10	3.693931079667305e6
6.3095734448019424e10	3.868813917986898e6
6.37039947118217e10	4.051992876931721e6
6.431811877215091e10	4.2438616728776395e6
6.493816315762113e10	4.444832684044538e6
6.556418494179785e10	4.655337833633025e6
6.6196241748451454e10	4.875829513350883e6
6.683439175686135e10	5.106781546196426e6
6.747869370717123e10	5.348690200396671e6
6.812920690579622e10	5.602075252094427e6
6.878599123088081e10	5.867481094145732e6
6.944910713781213e10	6.145477898552295e6
7.011861566478363e10	6.436662834826981e6
7.079457843841373e10	6.741661340424145e6
7.147705767941846e10	7.061128453603207e6
7.216611620833897e10	7.395750210179103e6
7.286181745132289e10	7.746245104584623e6
7.356422544596422e10	8.113365617358119e6
7.427340484719673e10	8.49789981684134e6
7.498942093324559e10	8.900673036536649e6
7.571233961163602e10	9.322549629458217e6
7.644222742525995e10	9.76443480476794e6
7.717915155850111e10	1.0227276550018825e7
7.792317984341924e10	1.0712067641797686e7
7.86743807659941e10	1.1219847753140649e7
7.943282347242822e10	1.175170565839923e7
8.019857777551352e10	1.2308781540999692e7
8.097171416105618e10	1.289226941106974e7
8.175230379436493e10	1.3503419629464215e7
8.254041852680173e10	1.4143541553912586e7
8.333613090239577e10	1.4814006308334416e7
8.413951416451965e10	1.5516249640552796e7
8.49506422626333e10	1.6251775033026736e7
8.576958985908946e10	1.702215690974323e7
8.659643233600653e10	1.782904374599445e7
8.743124580220732e10	1.8674161676927127e7
8.827410710022461e10	1.9559318272813533e7
8.91250938133744e10	2.0486406142165586e7
8.998428427289726e10	2.145740698993321e7
9.085175756516881e10	2.247439577200027e7
9.172759353897803e10	2.353954503893909e7
9.261187281287938e10	2.46551295131079e7
9.350467678261195e10	2.582353096684537e7
9.440608762859225e10	2.704724310984614e7
9.531618832347862e10	2.8328876605917282e7
9.623506263980907e10	2.967116474987737e7
9.716279515771077e10	3.107696927654361e7
9.809947127268784e10	3.254928623885855e7
9.904517720348015e10	3.409125241848337e7
1.e11	3.570615169153598e7
1.0096402755134482e11	3.739742183081594e7
1.0193734859388716e11	3.916866173035918e7
1.0292005271944264e11	4.102363890685447e7
1.039122303835167e11	4.296629735621338e7
1.0491397291363069e11	4.500076568737179e7
1.0592537251772897e11	4.713136573234541e7
1.0694652229266452e11	4.936262162081115e7
1.0797751623277094e11	5.1699268945110135e7
1.0901844923851268e11	5.4146264624222435e7
1.1006941712522125e11	5.670879721998813e7
1.1113051663191304e11	5.9392297583429575e7
1.1220184543019653e11	6.220245008466581e7
1.1328350213326096e11	6.5145204514255375e7
1.1437558630495389e11	6.822678806629361e7
1.1547819846894582e11	7.14537181686987e7
1.1659144011798311e11	7.483281593168037e7
1.1771541372323016e11	7.837122016783933e7
1.1885022274370164e11	8.207640212766008e7
1.1999597163578563e11	8.59561807622728e7
1.2115276586285852e11	9.001873851232968e7
1.2232071190499326e11	9.427263844907899e7
1.2349991726875851e11	9.872684134509656e7
1.2469049049711742e11	1.0339072386725931e8
1.2589254117941661e11	1.0827409756954037e8
1.2710617996147484e11	1.1338722934178531e8
1.2833151855576538e11	1.187408623496194e8
1.2956866975170216e11	1.2434623778350092e8
1.3081774742601955e11	1.3021511675381143e8
1.3207886655325507e11	1.3635980445180124e8
1.333521432163324e11	1.4279317565751284e8
1.3463769461724666e11	1.4952870067798302e8
1.3593563908785242e11	1.5658047140070972e8
1.3724609610075597e11	1.6396322984200615e8
1.3856918628031244e11	1.7169239881089175e8
1.39905031413729e11	1.7978411310808718e8
1.4125375446227554e11	1.8825525000746027e8
1.4261547957260086e11	1.9712346351560345e8
1.4399033208816327e11	2.0640722023579943e8
1.4537843856076605e11	2.1612583643316063e8
1.4677992676220737e11	2.2629951547169894e8
1.481949256960388e11	2.3694938804314277e8
1.4962356560944357e11	2.480975536084245e8
1.510659780052231e11	2.597671254687296e8
1.5252229565390198e11	2.719822760981256e8
1.539926526059492e11	2.847682850473511e8
1.5547718420411728e11	2.981515874690581e8
1.569760270959001e11	3.121598268581987e8
1.5848931924611108e11	3.268219094164175e8
1.6001719994958246e11	3.421680597240709e8
1.6155980984398697e11	3.5822988027598464e8
1.6311729092278397e11	3.750404130604806e8
1.646897865482869e11	3.926342036748097e8
1.6627744146486334e11	4.1104736865521353e8
1.678804018122559e11	4.303176652328166e8
1.6949881513903513e11	4.5048456396981525e8
1.7113283041617847e11	4.715893251818155e8
1.7278259805078662e11	4.936750784345779e8
1.744482698999256e11	5.167869096734209e8
1.7612999928460526e11	5.409719419069858e8
1.7782794100389227e11	5.662794240722258e8
1.7954225134915903e11	5.92760827109449e8
1.8127308811846967e11	6.204699417957811e8
1.8302061063110532e11	6.494629806575032e8
1.847849797422287e11	6.797986840423752e8
1.8656635785769073e11	7.115384310174624e8
1.883649089489802e11	7.447463548109359e8
1.9018079856831396e11	7.794894630653296e8
1.920141938638801e11	8.158377644558976e8
1.9386526359522058e11	8.538643977477057e8
1.9573417814876657e11	8.936457675898848e8
1.9762110955351904e11	9.352616862286443e8
1.9952623149688828e11	9.787955186709068e8
2.0144971934067834e11	1.0243343385588293e9
2.033917501372293e11	1.0719690878272879e9
2.053525026457146e11	1.121794741225053e9
2.073321573485954e11	1.1739104812026796e9
2.0933089646823346e11	1.2284198792136567e9
2.1134890398366434e11	1.28543108791266e9
2.1338636564753217e11	1.3450570286557965e9
2.1544346900318777e11	1.4074155948966525e9
2.1752040340195245e11	1.472629861248564e9
2.1961736002054367e11	1.540828307608106e9
2.2173453187867786e11	1.612145029410016e9
2.2387211385683377e11	1.6867200190687785e9
2.2603030271419263e11	1.764699388810529e9
2.2820929710674554e11	1.8462355799293516e9
2.3040929760558493e11	1.9314877127356026e9
2.3263050671536285e11	2.020621799525094e9
2.3487312889293204e11	2.1138110987487261e9
2.3713737056616553e11	2.211236317151115e9
2.3942344015295804e11	2.313085978004008e9
2.4173154808041013e11	2.419556738570281e9
2.4406190680419763e11	2.530853740050927e9
2.4641473082812762e11	2.647190922014363e9
2.4879023672388297e11	2.76879137956776e9
2.5118864315095822e11	2.8958877968222075e9
2.5361017087678268e11	3.028722752956303e9
2.5605504279704755e11	3.1675490930240383e9
2.5852348395621887e11	3.312630472137911e9
2.610157215682544e11	3.46424189720698e9
2.6353198503751385e11	3.6226696234330187e9
2.660725059798814e11	3.7882122121169586e9
2.6863751824408105e11	3.9611808414370723e9
2.7122725793320297e11	4.1418996389470744e9
2.7384196342643613e11	4.33070621868453e9
2.7648187540101056e11	4.5279523898658085e9
2.791472368543512e11	4.734004530145658e9
2.8183829312644495e11	4.94924439626453e9
2.845552919224238e11	5.174069238250409e9
2.8729848333536566e11	5.408892907594269e9
2.900681198693156e11	5.654146193574825e9
2.9286445646252374e11	5.910277592490313e9
2.956877505109187e11	6.177753726725355e9
2.985382618917957e11	6.4570604484502945e9
3.014162529877398e11	6.748703188809319e9
3.043219887107728e11	7.053207787758561e9
3.072557365267452e11	7.371121192968048e9
3.1021776647995044e11	7.703012351051754e9
3.132083512179837e11	8.049472835829089e9
3.1622776601683795e11	8.41111796603603e9
3.192762888062425e11	8.788587117447657e9
3.223542001952459e11	9.182545029242664e9
3.2546178349804535e11	9.593682636084871e9
3.2859932476006476e11	1.0022717696541653e10
3.317671127842848e11	1.0470395658928951e10
3.3496543915782794e11	1.0937490881591997e10
3.3819459827879254e11	1.1424807910146002e10
3.4145488738336005e11	1.1933181893033443e10
3.447466065731491e11	1.2463479566497868e10
3.4807005884284204e11	1.3016600811952156e10
3.5142555010806915e11	1.3593478790043142e10
3.5481338923357605e11	1.4195081711717674e10
3.582338880616481e11	1.4822413626139786e10
3.616873614408161e11	1.5476515909984707e10
3.651741272548377e11	1.6158467605661118e10
3.6869450645195734e11	1.6869387645820883e10
3.7224882307444904e11	1.7610434988140656e10
3.7583740428844354e11	1.8382809784520473e10
3.794605804140434e11	1.9187755010590885e10
3.831186849557277e11	2.002655749756642e10
3.868120546330525e11	2.090054844428901e10
3.905410294116381e11	2.1811105555952286e10
3.94305952534472e11	2.2759653319282955e10
3.9810717055349695e11	2.374766451159179e10
4.019450333615136e11	2.477666094006073e10
4.0581989422438074e11	2.584821555030126e10
4.097321098135422e11	2.6963951193596817e10
4.1368204023885114e11	2.8125544666821056e10
4.1767004908171906e11	2.933472478538165e10
4.216965034285823e11	3.0593275908828033e10
4.257617739046915e11	3.1903036049102028e10
4.2986623470822723e11	3.3265899930206802e10
4.340102636447431e11	3.4683818662956154e10
4.3819424216194275e11	3.61588029352165e10
4.424185553847905e11	3.769291543052778e10
4.466835921509635e11	3.928828252832019e10
4.509897450466355e11	4.0947084798509995e10
4.553374104426248e11	4.2671566907029465e10
4.597269885308718e11	4.4464029083117386e10
4.641588833612792e11	4.632682936702016e10
4.6863350287889636e11	4.826238738898554e10
4.7315125896148126e11	5.027317591880715e10
4.7771256745740485e11	5.2361727662027016e10
4.823178482239309e11	5.453063430674067e10
4.869675251658631e11	5.678253260679334e10
4.916620262745641e11	5.9120119973907364e10
4.964017836673511e11	6.15461436166608e10
5.011872336272715e11	6.406340205180278e10
5.060188166432613e11	6.667473427996977e10
5.108969774506914e11	6.938302412570218e10
5.158221650723061e11	7.219119812642116e10
5.207948328595465e11	7.510222353278622e10
5.258154385342927e11	7.8119083544939e10
5.308844442309879e11	8.124479775396007e10
5.3600231653918066e11	8.448239903752847e10
5.4116952654646484e11	8.78349360204519e10
5.463865498818551e11	9.130546679606491e10
5.516538667595586e11	9.489704800729964e10
5.569719620231798e11	9.861271340121727e10
5.623413251903491e11	1.0245549019833783e11
5.677624504977816e11	1.0642836689763902e11
5.732358369467708e11	1.1053428066408685e11
5.787619883491198e11	1.1477611783477365e11
5.843414133735164e11	1.1915668849116003e11
5.899746255923547e11	1.2367869685365569e11
5.95662143529011e11	1.2834477345378651e11
6.014044907055618e11	1.3315739959485977e11
6.072021956909884e11	1.3811890841088547e11
6.130557921498202e11	1.4323146516050772e11
6.189658188912622e11	1.4849702638468262e11
6.249328199187811e11	1.5391734719556143e11
6.309573444801943e11	1.5949390555649036e11
6.37039947118217e11	1.6522790925742438e11
6.431811877215092e11	1.7112022620846768e11
6.493816315762113e11	1.7717137673776062e11
6.556418494179785e11	1.833814944142561e11
6.619624174845145e11	1.8975023039651926e11
6.683439175686135e11	1.96276741998937e11
6.747869370717123e11	2.0295964846452194e11
6.812920690579595e11	2.0979696949531174e11
6.878599123088081e11	2.167860464603313e11
6.944910713781215e11	2.2392349396143808e11
7.011861566478363e11	2.3120513780870447e11
7.079457843841373e11	2.3862584232214517e11
7.147705767941875e11	2.4617957232257523e11
7.216611620833898e11	2.5385925731695944e11
7.286181745132289e11	2.6165663680564505e11
7.356422544596421e11	2.695621807369733e11
7.427340484719673e11	2.7756498975566394e11
7.498942093324558e11	2.856527168968884e11
7.571233961163601e11	2.9381134788072656e11
7.644222742525994e11	3.0202510820496765e11
7.717915155850111e11	3.1027637714167944e11
7.792317984341924e11	3.185453545107468e11
7.867438076599377e11	3.268100249643652e11
7.943282347242821e11	3.350460002948807e11
8.019857777551353e11	3.4322646165873486e11
8.097171416105618e11	3.5132127011760803e11
8.175230379436493e11	3.592975161272897e11
8.254041852680206e11	3.6711896492914526e11
8.333613090239576e11	3.7474576036082056e11
8.413951416451964e11	3.821342044738541e11
8.49506422626333e11	3.8923646006699786e11
8.576958985908945e11	3.960000752037307e11
8.659643233600653e11	4.0236790665157996e11
8.743124580220731e11	4.082776492451208e11
8.827410710022461e11	4.1366107294225146e11
8.91250938133744e11	4.184444376100462e11
8.998428427289725e11	4.225470257217169e11
9.085175756516843e11	4.2588143296473615e11
9.172759353897804e11	4.283525911038598e11
9.261187281287937e11	4.298576732630213e11
9.350467678261195e11	4.302849533362182e11
9.440608762859226e11	4.2951340973893054e11
9.531618832347902e11	4.274122458274445e11
9.623506263980907e11	4.2383971927642267e11
9.716279515771078e11	4.186429109778189e11
9.809947127268784e11	4.116565359525772e11
9.904517720348015e11	4.0270194191775995e11
1.e12	3.915868094455677e11