1.e7	0.
1.0096402755134482e7	0.
1.0193734859388737e7	0.
1.0292005271944286e7	0.
1.039122303835169e7	0.
1.049139729136309e7	0.
1.0592537251772897e7	0.
1.0694652229266452e7	0.
1.0797751623277094e7	0.
1.0901844923851268e7	0.
1.1006941712522103e7	0.
1.1113051663191281e7	0.
1.122018454301963e7	0.
1.1328350213326072e7	0.
1.1437558630495388e7	0.
1.154781984689458e7	0.
1.1659144011798311e7	0.
1.177154137232304e7	0.
1.188502227437019e7	0.
1.1999597163578587e7	0.
1.2115276586285876e7	0.
1.2232071190499326e7	0.
1.234999172687585e7	0.
1.2469049049711742e7	0.
1.2589254117941663e7	0.
1.2710617996147458e7	0.
1.2833151855576513e7	0.
1.295686697517019e7	0.
1.308177474260193e7	0.
1.3207886655325506e7	0.
1.333521432163324e7	0.
1.3463769461724665e7	0.
1.3593563908785269e7	0.
1.3724609610075625e7	0.
1.3856918628031274e7	0.
1.3990503141372928e7	0.
1.4125375446227554e7	0.
1.4261547957260085e7	0.
1.4399033208816327e7	0.
1.4537843856076606e7	0.
1.4677992676220706e7	0.
1.4819492569603847e7	0.
1.4962356560944328e7	0.
1.510659780052228e7	0.
1.5252229565390198e7	0.
1.539926526059492e7	0.
1.5547718420411726e7	0.
1.5697602709590042e7	0.
1.5848931924611142e7	0.
1.6001719994958278e7	0.
1.6155980984398728e7	0.
1.6311729092278397e7	0.
1.6468978654828688e7	0.
1.6627744146486335e7	0.
1.678804018122559e7	0.
1.6949881513903476e7	0.
1.711328304161781e7	0.
1.7278259805078626e7	0.
1.744482698999252e7	0.
1.7612999928460523e7	0.
1.7782794100389227e7	0.
1.7954225134915903e7	0.
1.8127308811846968e7	0.
1.8302061063110568e7	0.
1.8478497974222906e7	0.
1.865663578576911e7	0.
1.883649089489802e7	0.
1.9018079856831398e7	0.
1.920141938638801e7	0.
1.9386526359522056e7	0.
1.9573417814876616e7	0.
1.9762110955351863e7	0.
1.9952623149688788e7	0.
2.0144971934067793e7	0.
2.033917501372293e7	0.
2.053525026457146e7	0.
2.073321573485954e7	0.
2.0933089646823347e7	0.
2.1134890398366477e7	0.
2.133863656475326e7	0.
2.1544346900318824e7	1.878142237882747e-308
2.1752040340195246e7	1.5141277863817154e-305
2.1961736002054367e7	1.1271102498590473e-302
2.2173453187867787e7	7.878888692889676e-300
2.2387211385683376e7	5.1751397646492046e-297
2.2603030271419216e7	3.195927594562995e-294
2.282092971067451e7	1.8567189748103536e-291
2.3040929760558445e7	1.0153692357011161e-288
2.3263050671536237e7	5.229764519043548e-286
2.34873128892932e7	2.538457342292756e-283
2.3713737056616552e7	1.161807266609404e-280
2.3942344015295804e7	5.0167133132593633e-278
2.4173154808041014e7	2.0448788384533485e-275
2.4406190680419814e7	7.872610447093575e-273
2.4641473082812812e7	2.864245821022507e-270
2.4879023672388345e7	9.853200461053153e-268
2.5118864315095823e7	3.206658677398195e-265
2.536101708767827e7	9.877957745866385e-263
2.5605504279704753e7	2.8817015203399962e-260
2.5852348395621885e7	7.965708457269529e-258
2.6101572156825386e7	2.0874562606620385e-255
2.635319850375133e7	5.188594617502241e-253
2.6607250597988084e7	1.2238864902938407e-250
2.686375182440805e7	2.7410005300435364e-248
2.71227257933203e7	5.831349921989001e-246
2.738419634264361e7	1.1790559909987865e-243
2.764818754010106e7	2.2668165218343667e-241
2.791472368543512e7	4.145950819111373e-239
2.818382931264455e7	7.21713709254314e-237
2.845552919224244e7	1.1963106924741843e-234
2.872984833353663e7	1.8891412660241102e-232
2.900681198693156e7	2.843331774283119e-230
2.928644564625237e7	4.0806803684456164e-228
2.9568775051091872e7	5.586977342261724e-226
2.9853826189179573e7	7.3005566709345485e-224
3.0141625298773922e7	9.108845392683939e-222
3.043219887107722e7	1.0856520402852515e-219
3.0725573652674455e7	1.2365958067210648e-217
3.102177664799498e7	1.3466746087801327e-215
3.132083512179837e7	1.4027540578400834e-213
3.162277660168379e7	1.39819817494201e-211
3.192762888062425e7	1.3341567505170592e-209
3.2235420019524593e7	1.21920503238186e-207
3.2546178349804603e7	1.067474435730367e-205
3.285993247600654e7	8.958317001254098e-204
3.3176711278428547e7	7.2087377207570075e-202
3.3496543915782794e7	5.564547229803638e-200
3.381945982787926e7	4.122024132364932e-198
3.4145488738336004e7	2.931378751845592e-196
3.447466065731491e7	2.002087371351745e-194
3.480700588428413e7	1.3137452315887626e-192
3.514255501080684e7	8.285563608727012e-191
3.548133892335753e7	5.024349970228866e-189
3.582338880616481e7	2.9305369548295076e-187
3.616873614408161e7	1.644693677242972e-185
3.651741272548377e7	8.884905347112048e-184
3.686945064519574e7	4.6217716165069086e-182
3.72248823074449e7	2.315839542459153e-180
3.758374042884443e7	1.1181695795738062e-178
3.794605804140442e7	5.204266579902211e-177
3.831186849557285e7	2.3356943482643955e-175
3.868120546330525e7	1.0111779793777912e-173
3.905410294116381e7	4.2241893572951687e-172
3.94305952534472e7	1.7033777515471235e-170
3.981071705534969e7	6.632490010600858e-169
4.019450333615128e7	2.4945091756139e-167
4.058198942243799e7	9.065252701903858e-166
4.097321098135413e7	3.1842202661977517e-164
4.1368204023885116e7	1.0814224471683255e-162
4.176700490817191e7	3.5521894288949917e-161
4.2169650342858225e7	1.1288684954264322e-159
4.2576177390469156e7	3.471952756151534e-158
4.298662347082272e7	1.0337675515532115e-156
4.34010263644744e7	2.9807444584226556e-155
4.381942421619436e7	8.325535939104065e-154
4.424185553847914e7	2.2532887041290935e-152
4.466835921509635e7	5.911109297955958e-151
4.509897450466355e7	1.503480271776863e-149
4.553374104426248e7	3.70877875119048e-148
4.597269885308718e7	8.875548529451121e-147
4.641588833612782e7	2.0611803578516814e-145
4.686335028788954e7	4.6464101074622116e-144
4.7315125896148026e7	1.0170045361067438e-142
4.777125674574048e7	2.1619912415795525e-141
4.823178482239309e7	4.4651019965798445e-140
4.869675251658631e7	8.961378614171758e-139
4.9166202627456404e7	1.7482466143280805e-137
4.964017836673511e7	3.316135775301701e-136
5.011872336272725e7	6.117582671052233e-135
5.0601881664326236e7	1.0978940125496806e-133
5.108969774506924e7	1.9172908972798754e-132
5.158221650723061e7	3.2589338267622526e-131
5.207948328595465e7	5.393055040087494e-130
5.258154385342927e7	8.691139476842781e-129
5.3088444423098795e7	1.3643031070768207e-127
5.360023165391796e7	2.0866325642844158e-126
5.4116952654646374e7	3.1102099539561704e-125
5.46386549881854e7	4.519065890130816e-124
5.516538667595586e7	6.402189051582346e-123
5.569719620231798e7	8.845732043474038e-122
5.623413251903491e7	1.1922522352258366e-120
5.677624504977816e7	1.5679572720028627e-119
5.732358369467708e7	2.012489723037493e-118
5.787619883491209e7	2.5215476475139026e-117
5.8434141337351754e7	3.084853052723964e-116
5.8997462559235595e7	3.685822053841124e-115
5.956621435290109e7	4.3019432423310295e-114
6.014044907055618e7	4.9059411609082197e-113
6.072021956909884e7	5.467683137808967e-112
6.130557921498202e7	5.956659440635881e-111
6.18965818891261e7	6.344754376430945e-110
6.249328199187798e7	6.608954376333833e-109
6.3095734448019296e7	6.733625984116181e-108
6.37039947118217e7	6.712047851989578e-107
6.431811877215091e7	6.546988334659046e-106
6.493816315762113e7	6.2502638168235686e-105
6.556418494179785e7	5.841364744099059e-104
6.619624174845146e7	5.345367715318505e-103
6.6834391756861486e7	4.7904397792803e-102
6.747869370717137e7	4.205272509904347e-101
6.812920690579608e7	3.616758116740079e-100
6.878599123088081e7	3.0481485871086705e-99
6.944910713781214e7	2.517840012352747e-98
7.011861566478363e7	2.0388188391524792e-97
7.079457843841374e7	1.6187137082962912e-96
7.147705767941861e7	1.2603290796521962e-95
7.216611620833883e7	9.625010324046832e-95
7.286181745132273e7	7.211105443969513e-94
7.356422544596422e7	5.3010900410984885e-93
7.427340484719673e7	3.8244567310889345e-92
7.498942093324558e7	2.7082786984109364e-91
7.571233961163601e7	1.882838376905633e-90
7.644222742525995e7	1.2853018602812446e-89
7.717915155850127e7	8.616784485546715e-89
7.79231798434194e7	5.674246520689506e-88
7.867438076599394e7	3.6708632317739206e-87
7.943282347242822e7	2.3334510599235952e-86
8.019857777551351e7	1.4577143615175898e-85
8.097171416105618e7	8.950792144165793e-85
8.175230379436493e7	5.403027640912307e-84
8.25404185268019e7	3.2067882086125758e-83
8.333613090239559e7	1.871676372127055e-82
8.413951416451947e7	1.0744543811347027e-81
8.49506422626333e7	6.067511923182442e-81
8.576958985908946e7	3.3710621994312746e-80
8.659643233600654e7	1.8429932726589935e-79
8.743124580220732e7	9.916269815055539e-79
8.82741071002246e7	5.251781253903013e-78
8.91250938133746e7	2.7381933236176238e-77
8.998428427289744e7	1.4056772712382403e-76
9.085175756516862e7	7.106166975817596e-76
9.172759353897804e7	3.538156862311682e-75
9.261187281287937e7	1.735296380426778e-74
9.350467678261195e7	8.384700460053137e-74
9.440608762859227e7	3.9919084479167e-73
9.531618832347882e7	1.872897226678337e-72
9.623506263980888e7	8.660606666342325e-72
9.716279515771058e7	3.947696338320223e-71
9.809947127268784e7	1.774024877269963e-70
9.904517720348015e7	7.860589824262198e-70
1.e8	3.434696619285436e-69
1.0096402755134483e8	1.480189257224389e-68
1.0193734859388717e8	6.2921486941871286e-68
1.0292005271944265e8	2.6387015363657384e-67
1.0391223038351668e8	1.0918105428833625e-66
1.0491397291363113e8	4.457851931697397e-66
1.0592537251772897e8	1.796306434763536e-65
1.0694652229266451e8	7.144407296836171e-65
1.0797751623277093e8	2.8050268269327042e-64
1.0901844923851268e8	1.0872924967335466e-63
1.100694171252208e8	4.1614754142135823e-63
1.1113051663191305e8	1.5728682680416452e-62
1.1220184543019652e8	5.871288850197102e-62
1.1328350213326095e8	2.164821672484097e-61
1.1437558630495389e8	7.885139920124765e-61
1.1547819846894582e8	2.8375648980259096e-60
1.165914401179831e8	1.0089772293144317e-59
1.1771541372323017e8	3.5454033687849525e-59
1.1885022274370165e8	1.2312542851973064e-58
1.1999597163578562e8	4.226455392449068e-58
1.2115276586285901e8	1.4341659594401028e-57
1.2232071190499325e8	4.811326270990154e-57
1.2349991726875852e8	1.595951617830015e-56
1.2469049049711742e8	5.234930634280669e-56
1.2589254117941661e8	1.6981841171180974e-55
1.2710617996147431e8	5.448627815059742e-55
1.2833151855576539e8	1.7292727160838222e-54
1.2956866975170216e8	5.429487413989296e-54
1.3081774742601955e8	1.6866219709849777e-53
1.3207886655325507e8	5.1842318585474475e-53
1.333521432163324e8	1.576894202479631e-52
1.3463769461724666e8	4.746959105107048e-52
1.3593563908785242e8	1.4143800448802807e-51
1.3724609610075596e8	4.17154504877448e-51
1.3856918628031245e8	1.218007681138194e-50
1.3990503141372958e8	3.5210084620124833e-50
1.4125375446227553e8	1.0078347867093174e-49
1.4261547957260084e8	2.856654648274287e-49
1.4399033208816326e8	8.018862182524976e-49
1.4537843856076607e8	2.2294332738059817e-48
1.4677992676220676e8	6.139636352392292e-48
1.4819492569603878e8	1.6749297667762198e-47
1.4962356560944358e8	4.526841599486456e-47
1.5106597800522313e8	1.212208515786265e-46
1.5252229565390196e8	3.2164804644074133e-46
1.539926526059492e8	8.457537142778806e-46
1.5547718420411727e8	2.2039605071306254e-45
1.569760270959001e8	5.692430433078804e-45
1.584893192461111e8	1.4573452825068333e-44
1.6001719994958246e8	3.6985748555702994e-44
1.615598098439876e8	9.30571321508305e-44
1.6311729092278397e8	2.32136771447706e-43
1.6468978654828689e8	5.741860321422754e-43
1.6627744146486336e8	1.4083505204229483e-42
1.678804018122559e8	3.42572938430487e-42
1.6949881513903442e8	8.264448556551432e-42
1.7113283041617846e8	1.9775491507757757e-41
1.727825980507866e8	4.693826015232357e-41
1.744482698999256e8	1.105214001710976e-40
1.7612999928460523e8	2.5817758334520975e-40
1.7782794100389227e8	5.983788052978543e-40
1.7954225134915903e8	1.3761058219061191e-39
1.812730881184697e8	3.140346357509331e-39
1.830206106311053e8	7.111892394560664e-39
1.847849797422287e8	1.5984763945534912e-38
1.865663578576915e8	3.5659226046937936e-38
1.883649089489802e8	7.896109205758242e-38
1.9018079856831396e8	1.7356435616032406e-37
1.920141938638801e8	3.787428299804156e-37
1.9386526359522057e8	8.205306532237872e-37
1.9573417814876577e8	1.7649867604760293e-36
1.9762110955351904e8	3.769760852326628e-36
1.9952623149688828e8	7.995415267256625e-36
2.0144971934067833e8	1.6840385045046148e-35
2.033917501372293e8	3.5226978012250537e-35
2.053525026457146e8	7.318793191400277e-35
2.073321573485954e8	1.5103317162103328e-34
2.0933089646823347e8	3.09600592573734e-34
2.1134890398366433e8	6.304567861861781e-34
2.1338636564753217e8	1.2754405637171332e-33
2.1544346900318867e8	2.5635599949083697e-33
2.1752040340195245e8	5.119550648854802e-33
2.1961736002054366e8	1.0159019177162344e-32
2.2173453187867785e8	2.0032240216583583e-32
2.238721138568338e8	3.9254643212801686e-32
2.260303027141917e8	7.644728169770278e-32
2.2820929710674554e8	1.4796807790225849e-31
2.3040929760558495e8	2.846650944066845e-31
2.3263050671536288e8	5.443592245640261e-31
2.3487312889293203e8	1.0347772791208171e-30
2.3713737056616554e8	1.955431532876694e-30
2.3942344015295804e8	3.673643802428999e-30
2.4173154808041012e8	6.861739227776645e-30
2.4406190680419764e8	1.2743182707899405e-29
2.4641473082812762e8	2.3531614132545383e-29
2.48790236723884e8	4.3209473801747e-29
2.511886431509582e8	7.890105411280287e-29
2.536101708767827e8	1.4328017274606889e-28
2.5605504279704756e8	2.5876856920805725e-28
2.5852348395621887e8	4.648165069344177e-28
2.610157215682533e8	8.304593643856028e-28
2.6353198503751385e8	1.475856317412705e-27
2.660725059798814e8	2.609038134224095e-27
2.686375182440811e8	4.5882706428517925e-27
2.71227257933203e8	8.027332803931956e-27
2.738419634264361e8	1.3972313853140446e-26
2.764818754010106e8	2.4196981483503395e-26
2.7914723685435116e8	4.169371769000028e-26
2.8183829312644494e8	7.148537369142527e-26
2.8455529192242384e8	1.2196108374115192e-25
2.8729848333536685e8	2.070632597002945e-25
2.900681198693156e8	3.4985048829001965e-25
2.9286445646252376e8	5.882736232385499e-25
2.9568775051091874e8	9.844945471402812e-25
2.985382618917957e8	1.6398484241840281e-24
3.014162529877386e8	2.71875309414718e-24
3.043219887107729e8	4.486736145557385e-24
3.072557365267452e8	7.370633859697254e-24
3.102177664799504e8	1.2053449670959948e-23
3.132083512179837e8	1.9623143465608622e-23
3.1622776601683795e8	3.180495641059076e-23
3.1927628880624247e8	5.132254275078401e-23
3.223542001952459e8	8.245682676042877e-23
3.254617834980453e8	1.3190703045638012e-22
3.285993247600647e8	2.101114678697736e-22
3.3176711278428614e8	3.3326484190195336e-22
3.349654391578279e8	5.263861426665436e-22
3.3819459827879256e8	8.2796449650271295e-22
3.414548873833601e8	1.2969649729745986e-21
3.447466065731491e8	2.023349160861641e-21
3.480700588428406e8	3.1438086314364423e-21
3.514255501080691e8	4.865198021840138e-21
3.5481338923357606e8	7.499294506297981e-21
3.582338880616481e8	1.1514151130638203e-20
3.616873614408161e8	1.7609664451783972e-20
3.651741272548377e8	2.6828336010676818e-20
3.6869450645195735e8	4.071698435265287e-20
3.72248823074449e8	6.156193410707897e-20
3.7583740428844357e8	9.272975520300881e-20
3.7946058041404337e8	1.3915905121859503e-19
3.831186849557293e8	2.0806759181423366e-19
3.8681205463305247e8	3.099652879107473e-19
3.905410294116381e8	4.60099958658877e-19
3.94305952534472e8	6.805132420185715e-19
3.981071705534969e8	1.0029535578969604e-18
4.0194503336151195e8	1.4729886742262701e-18
4.0581989422438073e8	2.1557911420426065e-18
4.097321098135422e8	3.1442485877868983e-18
4.1368204023885113e8	4.570293560524328e-18
4.1767004908171904e8	6.6206759353972106e-18
4.2169650342858225e8	9.558845354253153e-18
4.257617739046915e8	1.3755208398671937e-17
4.298662347082272e8	1.9728823404483458e-17
4.3401026364474314e8	2.820466736542699e-17
4.381942421619427e8	4.0192034765238326e-17
4.424185553847923e8	5.709151007766161e-17
4.466835921509635e8	8.084046106337125e-17
4.509897450466355e8	1.1411030303121071e-16
4.5533741044262487e8	1.605730903371132e-16
4.597269885308718e8	2.252606772028266e-16
4.641588833612773e8	3.150471294498494e-16
4.6863350287889636e8	4.392946433065378e-16
4.731512589614813e8	6.10715753579167e-16
4.777125674574048e8	8.465209189724229e-16
4.823178482239309e8	1.1699412921009498e-15
4.869675251658631e8	1.6122432597220783e-15
4.916620262745641e8	2.215386114745187e-15
4.9640178366735107e8	3.035518316592654e-15
5.011872336272715e8	4.147562662543572e-15
5.060188166432613e8	5.6512133632730564e-15
5.108969774506935e8	7.678757855352528e-15
5.158221650723061e8	1.0405252401401686e-14
5.207948328595465e8	1.4061720122406185e-14
5.2581543853429276e8	1.895222260987557e-14
5.308844442309879e8	2.5475885199934554e-14
5.360023165391785e8	3.415524097641679e-14
5.411695265464648e8	4.56726117665768e-14
5.463865498818551e8	6.09166676028483e-14
5.516538667595586e8	8.104187728916138e-14
5.569719620231798e8	1.0754423905918926e-13
5.623413251903491e8	1.4235747312194864e-13
5.677624504977816e8	1.879749138934425e-13
5.732358369467708e8	2.476036361915326e-13
5.787619883491197e8	3.2535881541153405e-13
5.843414133735163e8	4.2650820919547797e-13
5.899746255923572e8	5.577790736110513e-13
5.956621435290109e8	7.277425199183288e-13
6.014044907055618e8	9.472935692025029e-13
6.072021956909884e8	1.2302496016160004e-12
6.130557921498202e8	1.5940947908900136e-12
6.189658188912597e8	2.0609035835105966e-12
6.249328199187812e8	2.658484172375917e-12
6.309573444801943e8	3.4217915475575305e-12
6.37039947118217e8	4.394669049395981e-12
6.431811877215091e8	5.631991034754333e-12
6.493816315762113e8	7.202293411079293e-12
6.556418494179785e8	9.19099543552505e-12
6.619624174845146e8	1.170433913886482e-11
6.683439175686135e8	1.4874194948528862e-11
6.747869370717123e8	1.8863912889789612e-11
6.812920690579622e8	2.3875433172233017e-11
6.878599123088082e8	3.015790798219903e-11
6.944910713781214e8	3.801813762952131e-11
7.011861566478363e8	4.7833177128698223e-11
7.079457843841373e8	6.006553628214512e-11
7.147705767941846e8	7.528147076744594e-11
7.216611620833898e8	9.417295124172454e-11
7.286181745132289e8	1.1758400241167946e-10
7.356422544596422e8	1.465422216423278e-10
7.427340484719672e8	1.8229642553087054e-10
7.498942093324559e8	2.2636153734082448e-10
7.571233961163601e8	2.805720035176493e-10
7.644222742525994e8	3.4714526076597753e-10
7.717915155850111e8	4.287569838592246e-10
7.792317984341924e8	5.286301924692021e-10
7.86743807659941e8	6.50640476156371e-10
7.943282347242821e8	7.994402266639909e-10
8.019857777551352e8	9.806048814081618e-10
8.097171416105617e8	1.200804694854296e-9
8.175230379436493e8	1.4680065960552668e-9
8.254041852680173e8	1.791710536813954e-9
8.333613090239576e8	2.1832255787163603e-9
8.413951416451964e8	2.6559928353474497e-9
8.49506422626333e8	3.2259616476424757e-9
8.576958985908946e8	3.912047129417331e-9
8.659643233600653e8	4.736536361490514e-9
8.743124580220731e8	5.725882945919963e-9
8.82741071002246e8	6.9111844454560445e-9
8.912509381337441e8	8.32907272785029e-9
8.998428427289726e8	1.0022605235487405e-8
9.08517575651688e8	1.2042311875251598e-8
9.172759353897803e8	1.4447401777680034e-8
9.261187281287937e8	1.73071475217353e-8
9.350467678261195e8	2.0702472011976967e-8
9.440608762859226e8	2.472776487800483e-8
9.531618832347863e8	2.9492957508315828e-8
9.623506263980907e8	3.5125890214099467e-8
9.716279515771078e8	4.17750077208666e-8
9.809947127268784e8	4.96124238779304e-8
9.904517720348015e8	5.8837402204627386e-8
1.e9	6.968029637471308e-8
1.0096402755134482e9	8.240701529345689e-8
1.0193734859388716e9	9.732405880980898e-8
1.0292005271944265e9	1.1478420830872378e-7
1.0391223038351669e9	1.3519292144105177e-7
1.0491397291363113e9	1.5901553876183323e-7
1.0592537251772897e9	1.867853533889681e-7
1.0694652229266452e9	2.1911268044812468e-7
1.0797751623277094e9	2.5669497750441114e-7
1.0901844923851268e9	3.003281877490477e-7
1.100694171252208e9	3.50919355381164e-7
1.1113051663191304e9	4.0950073416718585e-7
1.1220184543019652e9	4.772453910145865e-7
1.1328350213326094e9	5.554846456037503e-7
1.1437558630495389e9	6.457273927087205e-7
1.1547819846894581e9	7.496813715658292e-7
1.165914401179831e9	8.692768475375118e-7
1.1771541372323017e9	1.0066927797203302e-6
1.1885022274370165e9	1.1643855100275332e-6
1.1999597163578563e9	1.3451204645272163e-6
1.21152765862859e9	1.552007155268117e-6
1.2232071190499325e9	1.7885374484812255e-6
1.234999172687585e9	2.0586275272215432e-6
1.246904904971174e9	2.3666641406296704e-6
1.258925411794166e9	2.7175550639067066e-6
1.2710617996147432e9	3.116784139681824e-6
1.283315185557654e9	3.5704717524634862e-6
1.2956866975170217e9	4.085441047677538e-6
1.3081774742601955e9	4.669288326347439e-6
1.3207886655325506e9	5.330462391745354e-6
1.333521432163324e9	6.078349534749764e-6
1.3463769461724665e9	6.923365646303249e-6
1.359356390878524e9	7.877056825456927e-6
1.3724609610075598e9	8.952208619556165e-6
1.3856918628031244e9	0.000010162964832774949
1.3990503141372957e9	0.000011524957654077022
1.4125375446227555e9	0.00001305544054960554
1.4261547957260084e9	0.000014773445649218197
1.4399033208816326e9	0.000016699945069735042
1.4537843856076605e9	0.000018858028013433954
1.4677992676220675e9	0.00002127309240522825
1.481949256960388e9	0.000023973052351536743
1.496235656094436e9	0.00002698853367377389
1.510659780052231e9	0.000030353195215537914
1.5252229565390198e9	0.00003410392265701255
1.5399265260594919e9	0.00003828113162222083
1.5547718420411727e9	0.000042929077117765605
1.569760270959001e9	0.000048096187214265224
1.5848931924611108e9	0.00005383542412727601
1.6001719994958246e9	0.0000602046759474331
1.615598098439876e9	0.00006726718044205034
1.6311729092278397e9	0.00007509198432912479
1.646897865482869e9	0.00008375444119800512
1.6627744146486335e9	0.00009333675321334601
1.6788040181225588e9	0.00010392855462998373
1.6949881513903444e9	0.00011562755019528387
1.7113283041617844e9	0.00012854020367745336
1.7278259805078661e9	0.0001427824884088301
1.744482698999256e9	0.0001584807046909609
1.7612999928460524e9	0.0001757723603006935
1.7782794100389228e9	0.0001948071350524072
1.7954225134915903e9	0.0002157479236417203
1.812730881184697e9	0.00023877197689808574
1.830206106311053e9	0.0002640721509005242
1.847849797422287e9	0.0002918582344873796
1.8656635785769148e9	0.00032235840582578717
1.8836490894898021e9	0.0003558208416298682
1.9018079856831396e9	0.0003925154589192985
1.920141938638801e9	0.0004327357842438097
1.9386526359522057e9	0.0004768010095395589
1.9573417814876575e9	0.0005250582313996944
1.9762110955351903e9	0.0005778848734879603
1.9952623149688828e9	0.000635691327294473
2.0144971934067833e9	0.0006989238294628239
2.033917501372293e9	0.0007680675818239624
2.0535250264571462e9	0.0008436501421944854
2.073321573485954e9	0.0009262451211478071
2.0933089646823347e9	0.0010164761780256004
2.1134890398366432e9	0.0011150213747260097
2.1338636564753218e9	0.0012226179063295245
2.1544346900318866e9	0.001340067209327376
2.1752040340195246e9	0.001468240518647648
2.1961736002054367e9	0.0016080848926153944
2.2173453187867785e9	0.0017606297513671771
2.238721138568338e9	0.0019269939305069147
2.260303027141917e9	0.0021083933320316228
2.2820929710674553e9	0.002306149219533901
2.3040929760558496e9	0.002521697167268403
2.326305067153629e9	0.0027565967398834068
2.3487312889293203e9	0.0030125419182286018
2.3713737056616554e9	0.003291372442285059
2.39423440152958e9	0.0035950859469032074
2.4173154808041015e9	0.003925851168941451
2.4406190680419765e9	0.00428602206589041
2.464147308281276e9	0.004678153124872339
2.4879023672388396e9	0.005105015792125188
2.511886431509582e9	0.005569616206641359
2.536101708767827e9	0.006075214241201979
2.5605504279704757e9	0.006625344000812074
2.5852348395621886e9	0.007223835857016532
2.6101572156825333e9	0.00787484010029957
2.6353198503751383e9	0.008582852381697367
2.660725059798814e9	0.009352740953819983
2.6863751824408107e9	0.010189775985770349
2.71227257933203e9	0.011099660859495621
2.7384196342643614e9	0.012088565998116944
2.7648187540101056e9	0.013163164689994275
2.791472368543512e9	0.014330671691899019
2.818382931264449e9	0.015598884812440424
2.8455529192242384e9	0.016976228856563594
2.8729848333536687e9	0.018471802829172147
2.9006811986931562e9	0.02009543084516185
2.9286445646252375e9	0.021857715962894795
2.956877505109187e9	0.023770097681653626
2.9853826189179573e9	0.025844913904419006
3.014162529877386e9	0.028095466788951404
3.0432198871077285e9	0.03053609258192927
3.072557365267452e9	0.03318223670223934
3.1021776647995043e9	0.036050533973749396
3.132083512179837e9	0.03915889330730472
3.1622776601683793e9	0.042526588420329255
3.1927628880624247e9	0.046174355019928906
3.2235420019524593e9	0.0501244933927825
3.2546178349804535e9	0.05440097784928284
3.2859932476006474e9	0.059029574077658596
3.3176711278428617e9	0.06403796310890147
3.3496543915782795e9	0.06945587300262916
3.3819459827879257e9	0.07531521974684909
3.4145488738336005e9	0.08165025692315142
3.447466065731491e9	0.08849773394464562
3.480700588428406e9	0.09589706507248104
3.5142555010806913e9	0.10389050935422761
3.5481338923357606e9	0.11252336046330096
3.5823388806164804e9	0.1218441488925511
3.616873614408161e9	0.13190485718162054
3.651741272548377e9	0.14276114768162085
3.686945064519573e9	0.1544726043873114
3.72248823074449e9	0.16710299076379115
3.7583740428844357e9	0.18072052190353308
3.794605804140434e9	0.19539815280560943
3.831186849557293e9	0.21121388440860464
3.868120546330525e9	0.22825108895223215
3.905410294116381e9	0.24659885540450774
3.94305952534472e9	0.26635235570459376
3.9810717055349693e9	0.2876132276235083
4.0194503336151195e9	0.31048998759313
4.0581989422438073e9	0.3350984623930034
4.0973210981354218e9	0.361562255493386
4.136820402388511e9	0.39001322664852567
4.17670049081719e9	0.420592010687625
4.2169650342858224e9	0.45344856320031895
4.2576177390469155e9	0.4887427385661471
4.298662347082273e9	0.5266449044994472
4.340102636447432e9	0.5673365889210159
4.381942421619428e9	0.6110111612054585
4.424185553847923e9	0.6578745602138153
4.466835921509635e9	0.7081460595342972
4.509897450466355e9	0.7620590793691941
4.553374104426249e9	0.8198620413145986
4.597269885308718e9	0.8818192825341722
4.641588833612773e9	0.948212013991931
4.686335028788963e9	1.0193393266428266
4.731512589614813e9	1.0955192694354892
4.777125674574048e9	1.1770899788325708
4.823178482239309e9	1.264410881026167
4.869675251658631e9	1.3578639508154438
4.916620262745641e9	1.4578550560453676
4.964017836673511e9	1.5648153618451988
5.011872336272715e9	1.679202833521137
5.060188166432613e9	1.8015037982835258
5.108969774506935e9	1.9322346190386235
5.158221650723061e9	2.071943461543841
5.207948328595465e9	2.2212121417244464
5.258154385342927e9	2.3806580874349748
5.308844442309879e9	2.550936393862348
5.360023165391785e9	2.732742029138045
5.411695265464648e9	2.9268121425160816
5.463865498818551e9	3.133928493973188
5.516538667595586e9	3.354920031458244
5.569719620231798e9	3.590665596225643
5.623413251903491e9	3.8420967953226786
5.677624504977817e9	4.110200993108978
5.732358369467708e9	4.396024524258636
5.787619883491197e9	4.7006760718324525
5.843414133735163e9	5.025330191102709
5.899746255923572e9	5.371231061185853
5.95662143529011e9	5.7396964523880305
6.014044907055617e9	6.132121852938587
6.0720219569098835e9	6.549984885246749
6.130557921498202e9	6.994849959744207
6.189658188912597e9	7.468373116221759
6.249328199187811e9	7.97230719838925
6.309573444801943e9	8.508507313977914
6.37039947118217e9	9.07893650982155
6.431811877215091e9	9.685671835235068
6.493816315762114e9	10.330910754692749
6.556418494179785e9	11.016977788626365
6.619624174845145e9	11.746331559096442
6.683439175686135e9	12.521572336558204
6.747869370717123e9	13.345449851134521
6.812920690579622e9	14.220871632254415
6.878599123088081e9	15.150911639616968
6.944910713781214e9	16.13881949690567
7.011861566478363e9	17.18803025931994
7.079457843841373e9	18.302174646224646
7.147705767941846e9	19.485089750782844
7.216611620833899e9	20.74083025992746
7.286181745132289e9	22.07368054699611
7.356422544596421e9	23.488167298214638
7.427340484719672e9	24.989072640350578
7.498942093324558e9	26.581448048103866
7.571233961163601e9	28.270629227295835
7.644222742525994e9	30.062251632098953
7.717915155850112e9	31.96226660161047
7.792317984341925e9	33.976958567954625
7.86743807659941e9	36.11296332320105
7.943282347242822e9	38.377287044598106
8.019857777551352e9	40.77732610480584
8.097171416105618e9	43.320888409131506
8.175230379436493e9	46.016215770058025
8.254041852680173e9	48.87200725110733
8.333613090239576e9	51.89744360894073
8.413951416451964e9	55.10221353820816
8.4950642262633295e9	58.49654107715959
8.576958985908946e9	62.091214029976086
8.659643233600653e9	65.89761432689633
8.743124580220732e9	69.92775022240411
8.82741071002246e9	74.19428984782274
8.91250938133744e9	78.71059609384203
8.998428427289726e9	83.49076406421385
9.08517575651688e9	88.54966047794858
9.172759353897804e9	93.90296477001188
9.261187281287937e9	99.56721200096239
9.350467678261196e9	105.55983892359232
9.440608762859226e9	111.89923215393834
9.531618832347862e9	118.60477814903655
9.623506263980907e9	125.69691632378955
9.716279515771078e9	133.19719555843983
9.809947127268784e9	141.1283330740697
9.904517720348015e9	149.51427562267713
1.e10	158.38026494139345
1.0096402755134481e10	167.7529068023222
1.0193734859388716e10	177.66024304614106
1.0292005271944265e10	188.13182665054288
1.039122303835167e10	199.19880219134708
1.0491397291363113e10	210.89399014329584
1.0592537251772898e10	223.25197443957686
1.069465222926645e10	236.30919504188302
1.0797751623277094e10	250.10404664968013
1.0901844923851267e10	264.6769815992944
1.1006941712522081e10	280.0706169174054
1.1113051663191305e10	296.329848183472
1.1220184543019653e10	313.5019700335247
1.1328350213326096e10	331.63680172413683
1.1437558630495388e10	350.78681799275944
1.1547819846894583e10	371.00728925654755
1.1659144011798311e10	392.35642854554345
1.1771541372323017e10	414.89554506218053
1.1885022274370165e10	438.68920403172626
1.1999597163578562e10	463.8053984772052
1.21152765862859e10	490.31572866492667
1.2232071190499325e10	518.2955900555651
1.234999172687585e10	547.8243685523778
1.246904904971174e10	578.9856494776542
1.2589254117941662e10	611.8674376484452
1.2710617996147432e10	646.5623874547265
1.2833151855576538e10	683.1680434567315
1.2956866975170216e10	721.787092967049
1.3081774742601955e10	762.5276353082091
1.3207886655325506e10	805.5034630414937
1.333521432163324e10	850.8343548624515
1.3463769461724665e10	898.6463857586294
1.3593563908785242e10	949.0722555196365
1.3724609610075598e10	1002.2516317480605
1.3856918628031244e10	1058.3315074071322
1.3990503141372957e10	1117.4665806577643
1.4125375446227554e10	1179.8196552155111
1.4261547957260084e10	1245.5620588346362
1.4399033208816326e10	1314.8740800786145
1.4537843856076607e10	1387.9454329892849
1.4677992676220675e10	1464.975744760859
1.4819492569603878e10	1546.1750644610042
1.4962356560944359e10	1631.7643976642712
1.5106597800522312e10	1721.9762746571198
1.5252229565390198e10	1817.055344701205
1.539926526059492e10	1917.2589968880757
1.5547718420411726e10	2022.8580104459313
1.569760270959001e10	2134.137249041312
1.5848931924611109e10	2251.3963852468823
1.6001719994958244e10	2374.9506612730497
1.6155980984398762e10	2505.131683979142
1.6311729092278397e10	2642.2882617601185
1.646897865482869e10	2786.7872924108888
1.6627744146486336e10	2939.014691226896
1.678804018122559e10	3099.376363792844
1.6949881513903442e10	3268.2992229192237
1.7113283041617846e10	3446.232269714588
1.7278259805078663e10	3633.647726275497
1.7444826989992558e10	3831.0422228031366
1.7612999928460526e10	4038.938037019634
1.778279410038923e10	4257.884408384229
1.79542251349159e10	4488.458920420399
1.812730881184697e10	4731.268948630763
1.830206106311053e10	4986.953175710977
1.847849797422287e10	5256.183184612594
1.865663578576915e10	5539.665144893435
1.883649089489802e10	5838.141577288958
1.9018079856831398e10	6152.393202410828
1.9201419386388012e10	6483.240878191788
1.9386526359522057e10	6831.547653563262
1.9573417814876575e10	7198.220918832027
1.9762110955351902e10	7584.214660865615
1.9952623149688828e10	7990.531818707372
2.0144971934067833e10	8418.226780779341
2.033917501372293e10	8868.408007427215
2.053525026457146e10	9342.240779452615
2.073321573485954e10	9840.950083626434
2.0933089646823345e10	10365.823627297596
2.1134890398366432e10	10918.215032747406
2.1338636564753216e10	11499.547189482391
2.1544346900318867e10	12111.315772113368
2.1752040340195244e10	12755.093206076575
2.1961736002054367e10	13432.532192097948
2.2173453187867786e10	14145.369679150157
2.2387211385683376e10	14895.431319189245
2.260303027141917e10	15684.635961352735
2.2820929710674557e10	16515.00036210878
2.3040929760558495e10	17388.64412282576
2.3263050671536285e10	18307.794915662802
2.34873128892932e10	19274.793956008543
2.3713737056616554e10	20292.101746349763
2.3942344015295803e10	21362.30409220358
2.417315480804101e10	22488.118420191033
2.440619068041976e10	23672.400454581883
2.4641473082812763e10	24918.1512080632
2.4879023672388397e10	26228.524321033954
2.511886431509582e10	27606.83374570683
2.536101708767827e10	29056.56182221787
2.5605504279704754e10	30581.36780767351
2.5852348395621887e10	32185.096805729037
2.6101572156825333e10	33871.78914201472
2.6353198503751385e10	35645.69019770512
2.660725059798814e10	37511.260700110346
2.6863751824408104e10	39473.187611824775
2.7122725793320297e10	41536.395545760766
2.7384196342643612e10	43706.05873830573
2.764818754010106e10	45987.61362234284
2.791472368543512e10	48386.77199356337
2.8183829312644493e10	50909.534843160654
2.8455529192242382e10	53562.206961958516
2.8729848333536686e10	56351.41223230106
2.900681198693156e10	59284.109681114765
2.9286445646252373e10	62367.610329028925
2.9568775051091873e10	65609.5948128031
2.9853826189179573e10	69018.13198959538
3.0141625298773857e10	72601.69849209658
3.0432198871077286e10	76369.19921971182
3.072557365267452e10	80329.98885462146
3.1021776647995045e10	84493.89442848657
3.132083512179837e10	88871.23895744976
3.1622776601683792e10	93472.86640812716
3.192762888062425e10	98310.16787110131
3.2235420019524593e10	103395.10901858906
3.2546178349804535e10	108740.25893132287
3.2859932476006474e10	114358.82027474274
3.3176711278428616e10	120264.66104811418
3.3496543915782795e10	126472.3480367934
3.3819459827879257e10	132997.1818496417
3.4145488738336006e10	139855.23370139775
3.447466065731491e10	147063.38402346004
3.480700588428406e10	154639.36286102567
3.5142555010806915e10	162601.79245360446
3.5481338923357605e10	170970.2320173188
3.58233888061648e10	179765.22466571507
3.616873614408161e10	189008.3466701496
3.651741272548377e10	198722.25917684683
3.686945064519573e10	208930.7623928533
3.72248823074449e10	219658.85245019398
3.758374042884435e10	230932.7814076221
3.7946058041404335e10	242780.12009661918
3.831186849557293e10	255229.82407615645
3.868120546330525e10	268312.3028748395
3.905410294116381e10	282059.4926544261
3.94305952534472e10	296504.93225591193
3.981071705534969e10	311683.8433862471
4.01945033361512e10	327633.2148487966
4.058198942243807e10	344391.8908302071
4.097321098135422e10	362000.66358304
4.136820402388512e10	380502.3707235345
4.1767004908171906e10	399941.99724684755
4.216965034285822e10	420366.7824856711
4.2576177390469154e10	441826.33290085854
4.298662347082272e10	464372.7402895034
4.340102636447431e10	488060.70581801253
4.3819424216194275e10	512947.6702267128
4.424185553847923e10	539093.9504851591
4.466835921509635e10	566562.8829000508
4.509897450466355e10	595420.9737597925
4.553374104426248e10	625738.0576601162
4.597269885308718e10	657587.4634619561
4.641588833612772e10	691046.1884967305
4.686335028788963e10	726195.0814323704
4.7315125896148125e10	763119.0340811727
4.777125674574048e10	801907.1824594653
4.823178482239309e10	842653.1186138038
4.869675251658631e10	885455.1127275148
4.9166202627456406e10	930416.3461538367
4.964017836673511e10	977645.1560265694
5.011872336272715e10	1.0272552920446254e6
5.060188166432613e10	1.079366185752309e6
5.108969774506934e10	1.1341032327335377e6
5.1582216507230606e10	1.1915980901487009e6
5.207948328595465e10	1.2519889884984503e6
5.2581543853429276e10	1.315421058766364e6
5.308844442309879e10	1.382046675802781e6
5.360023165391785e10	1.4520258187544371e6
5.4116952654646484e10	1.5255264493845715e6
5.463865498818551e10	1.602724909169656e6
5.5165386675955864e10	1.6838063358336503e6
5.569719620231798e10	1.7689650997389776e6
5.6234132519034904e10	1.8584052638924133e6
5.677624504977816e10	1.9523410660779574e6
5.732358369467708e10	2.050997424687332e6
5.787619883491197e10	2.1546104696505135e6
5.843414133735163e10	2.2634280996995415e6
5.899746255923572e10	2.3777105672694515e6
5.956621435290109e10	2.497731092404407e6
6.0140449070556175e10	2.6237765071020257e6
6.072021956909884e10	2.756147930767734e6
6.130557921498202e10	2.8951614794086376e6
6.189658188912597e10	3.04114901168225e6
6.249328199187811e10	3.1944589107791916e6
6.3095734448019424e10	3.3554569050672273e6
6.37039947118217e10	3.524526929407179e6
6.431811877215091e10	3.7020720291518806e6
6.493816315762113e10	3.8885153089411603e6
6.556418494179785e10	4.0843009285086817e6
6.6196241748451454e10	4.289895147693713e6
6.683439175686135e10	4.505787421638603e6
6.747869370717123e10	4.732491552746999e6
6.812920690579622e10	4.970546899633895e6
6.878599123088081e10	5.220519645115812e6
6.944910713781213e10	5.483004127081903e6
7.011861566478363e10	5.75862423527159e6
7.079457843841373e10	6.04803479237822e6
7.147705767941846e10	6.351923016797354e6
7.216611620833897e10	6.671010477274888e6
7.286181745132289e10	7.006054612242866e6
7.356422544596422e10	7.357850495252936e6
7.427340484719673e10	7.727232702822076e6
7.498942093324559e10	8.115077272818034e6
7.571233961163602e10	8.522303759618158e6
7.644222742525995e10	8.94987739098503e6
7.717915155850111e10	9.398811331660956e6
7.792317984341924e10	9.870169058954408e6
7.86743807659941e10	1.0365066855851864e7
7.943282347242822e10	1.0884676427448241e7
8.019857777551352e10	1.1430227644993896e7
8.097171416105618e10	1.2003011426913971e7
8.175230379436493e10	1.2604382764925396e7
8.254041852680173e10	1.3235763897523962e7
8.333613090239577e10	1.389864764061621e7
8.413951416451965e10	1.4594600882847982e7
8.49506422626333e10	1.5325268253767923e7
8.576958985908946e10	1.6092375973355604e7
8.659643233600653e10	1.689773589187492e7
8.743124580220732e10	1.774324972933075e7
8.827410710022461e10	1.8630913522140637e7
8.91250938133744e10	1.9562822291824557e7
8.998428427289726e10	2.0541174946712326e7
9.085175756516881e10	2.156827942394795e7
9.172759353897803e10	2.2646558085551046e7
9.261187281287938e10	2.3778553381158028e7
9.350467678261195e10	2.496693379059765e7
9.440608762859225e10	2.621450006012153e7
9.531618832347862e10	2.7524191746781185e7
9.623506263980907e10	2.8899094086161964e7
9.716279515771077e10	3.03424451994301e7
9.809947127268784e10	3.185764365636263e7
9.904517720348015e10	3.344825640883761e7
1.e11	3.511802711788487e7
1.0096402755134482e11	3.687088489708948e7
1.0193734859388716e11	3.871095348459481e7
1.0292005271944264e11	4.064256086786332e7
1.039122303835167e11	4.2670249383795016e7
1.0491397291363069e11	4.479878631765587e7
1.0592537251772897e11	4.7033175025427714e7
1.0694652229266452e11	4.937866660539569e7
1.0797751623277094e11	5.18407721460842e7
1.0901844923851268e11	5.442527557895348e7
1.1006941712522125e11	5.7138247165889814e7
1.1113051663191304e11	5.9986057651438124e7
1.1220184543019653e11	6.297539310749345e7
1.1328350213326096e11	6.611327052337392e7
1.1437558630495389e11	6.940705416133468e7
1.1547819846894582e11	7.28644727181892e7
1.1659144011798311e11	7.649363733404939e7
1.1771541372323016e11	8.030306048996103e7
1.1885022274370164e11	8.430167583826983e7
1.1999597163578563e11	8.849885901171339e7
1.2115276586285852e11	9.290444945950183e7
1.2232071190499326e11	9.752877336102892e7
1.2349991726875851e11	1.0238266767036873e8
1.2469049049711742e11	1.0747750534403321e8
1.2589254117941661e11	1.1282522181038311e8
1.2710617996147484e11	1.1843834275793244e8
1.2833151855576538e11	1.2433001328936094e8
1.2956866975170216e11	1.3051402851276681e8
1.3081774742601955e11	1.370048656421597e8
1.3207886655325507e11	1.4381771768163216e8
1.333521432163324e11	1.509685287712613e8
1.3463769461724666e11	1.5847403127665576e8
1.3593563908785242e11	1.66351784708093e8
1.3724609610075597e11	1.7462021655943212e8
1.3856918628031244e11	1.8329866516136298e8
1.39905031413729e11	1.924074246421875e8
1.4125375446227554e11	2.0196779210564005e8
1.4261547957260086e11	2.1200211715102994e8
1.4399033208816327e11	2.2253385382773796e8
1.4537843856076605e11	2.3358761515070674e8
1.4677992676220737e11	2.4518923030435914e8
1.481949256960388e11	2.5736580466736948e8
1.4962356560944357e11	2.701457827973791e8
1.510659780052231e11	2.835590145213963e8
1.5252229565390198e11	2.976368242849985e8
1.539926526059492e11	3.124120839208702e8
1.5547718420411728e11	3.279192890051049e8
1.569760270959001e11	3.4419463896961087e8
1.5848931924611108e11	3.612761211624961e8
1.6001719994958246e11	3.7920359907556957e8
1.6155980984398697e11	3.980189049099207e8
1.6311729092278397e11	4.177659367028762e8
1.646897865482869e11	4.3849076024276066e8
1.6627744146486334e11	4.602417160074646e8
1.678804018122559e11	4.830695313741168e8
1.6949881513903513e11	5.0702743835965544e8
1.7113283041617847e11	5.3217129716463816e8
1.7278259805078662e11	5.585597258062987e8
1.744482698999256e11	5.862542361405433e8
1.7612999928460526e11	6.153193765762357e8
1.7782794100389227e11	6.458228818184597e8
1.7954225134915903e11	6.77835830025969e8
1.8127308811846967e11	7.114328076970093e8
1.8302061063110532e11	7.466920826776654e8
1.847849797422287e11	7.836957856955682e8
1.8656635785769073e11	8.225301008388379e8
1.883649089489802e11	8.632854654207964e8
1.9018079856831396e11	9.060567796925622e8
1.920141938638801e11	9.509436268887435e8
1.9386526359522058e11	9.98050504114743e8
1.9573417814876657e11	1.0474870646099459e9
1.9762110955351904e11	1.09936837195765e9
1.9952623149688828e11	1.15381516674453e9
2.0144971934067834e11	1.2109541464369926e9
2.033917501372293e11	1.2709182590536942e9
2.053525026457146e11	1.3338470112794957e9
2.073321573485954e11	1.3998867917575417e9
2.0933089646823346e11	1.4691912103067684e9
2.1134890398366434e11	1.5419214538489475e9
2.1338636564753217e11	1.6182466598678727e9
2.1544346900318777e11	1.698344308263921e9
2.1752040340195245e11	1.7824006325095716e9
2.1961736002054367e11	1.8706110510559518e9
2.2173453187867786e11	1.9631806199878094e9
2.2387211385683377e11	2.060324507972312e9
2.2603030271419263e11	2.1622684945996633e9
2.2820929710674554e11	2.269249493266619e9
2.3040929760558493e11	2.381516100328539e9
2.3263050671536285e11	2.4993291828232417e9
2.3487312889293204e11	2.622962465232667e9
2.3713737056616553e11	2.752703163482655e9
2.3942344015295804e11	2.8888526547830253e9
2.4173154808041013e11	3.031727175374229e9
2.4406190680419763e11	3.181658552634272e9
2.4641473082812762e11	3.338994973237105e9
2.4879023672388297e11	3.5041017891371303e9
2.5118864315095822e11	3.67736236324167e9
2.5361017087678268e11	3.859178956724519e9
2.5605504279704755e11	4.0499736600311446e9
2.5852348395621887e11	4.2501893697247324e9
2.610157215682544e11	4.460290813430221e9
2.6353198503751385e11	4.680765625242891e9
2.660725059798814e11	4.912125474086461e9
2.6863751824408105e11	5.154907247624796e9
2.7122725793320297e11	5.409674294394203e9
2.7384196342643613e11	5.677017727075938e9
2.7648187540101056e11	5.957557790121075e9
2.791472368543512e11	6.251945294606395e9
2.8183829312644495e11	6.5608631237176485e9
2.845552919224238e11	6.885027812347039e9
2.8729848333536566e11	7.225191204452068e9
2.900681198693156e11	7.582142192002484e9
2.9286445646252374e11	7.956708539529554e9
2.956877505109187e11	8.349758798492248e9
2.985382618917957e11	8.762204315876991e9
3.014162529877398e11	9.195001341670647e9
3.043219887107728e11	9.649153240069773e9
3.072557365267452e11	1.0125712809533785e10
3.1021776647995044e11	1.0625784717033903e10
3.132083512179837e11	1.115052805211995e10
3.1622776601683795e11	1.1701159006672043e10
3.192762888062425e11	1.2278953686355034e10
3.223542001952459e11	1.2885251060774221e10
3.2546178349804535e11	1.3521456058816122e10
3.2859932476006476e11	1.4189042816238605e10
3.317671127842848e11	1.4889558083098568e10
3.3496543915782794e11	1.5624624798879215e10
3.3819459827879254e11	1.6395945843565788e10
3.4145488738336005e11	1.720530797333139e10
3.447466065731491e11	1.805458594990907e10
3.4807005884284204e11	1.8945746873184113e10
3.5142555010806915e11	1.988085472700121e10
3.5481338923357605e11	2.0862075148680992e10
3.582338880616481e11	2.189168043324508e10
3.616873614408161e11	2.2972054783901646e10
3.651741272548377e11	2.4105699820904552e10
3.6869450645195734e11	2.529524036149549e10
3.7224882307444904e11	2.6543430484060406e10
3.7583740428844354e11	2.785315989069862e10
3.794605804140434e11	2.9227460583365574e10
3.831186849557277e11	3.066951386823738e10
3.868120546330525e11	3.21826577047115e10
3.905410294116381e11	3.377039441600948e10
3.94305952534472e11	3.543639877918174e10
3.9810717055349695e11	3.7184526513162254e10
4.019450333615136e11	3.901882318446496e10
4.0581989422438074e11	4.09435335510575e10
4.097321098135422e11	4.296311136597739e10
4.1368204023885114e11	4.5082229663289925e10
4.1767004908171906e11	4.730579155012547e10
4.216965034285823e11	4.963894152968334e10
4.257617739046915e11	5.208707738132195e10
4.2986623470822723e11	5.4655862625135e10
4.340102636447431e11	5.735123959967892e10
4.3819424216194275e11	6.017944318256825e10
4.424185553847905e11	6.3147015187032394e10
4.466835921509635e11	6.626081946660589e10
4.509897450466355e11	6.952805776267189e10
4.553374104426248e11	7.295628633165477e10
4.597269885308718e11	7.655343339017233e10
4.641588833612792e11	8.032781741839876e10
4.6863350287889636e11	8.4288166363832e10
4.7315125896148126e11	8.844363778977258e10
4.7771256745740485e11	9.280384001494777e10
4.823178482239309e11	9.737885429304881e10
4.869675251658631e11	1.0217925808331844e11
4.916620262745641e11	1.0721614946584694e11
4.964017836673511e11	1.1250117275787553e11
5.011872336272715e11	1.1804654539017488e11
5.060188166432613e11	1.2386508610545964e11
5.108969774506914e11	1.2997024454351468e11
5.158221650723061e11	1.3637613231414285e11
5.207948328595465e11	1.4309755553234576e11
5.258154385342927e11	1.5015004896954916e11
5.308844442309879e11	1.5754991192420688e11
5.3600231653918066e11	1.653142458355555e11
5.4116952654646484e11	1.734609937474455e11
5.463865498818551e11	1.8200898171328107e11
5.516538667595586e11	1.9097796223745938e11
5.569719620231798e11	2.0038865985350458e11
5.623413251903491e11	2.1026281894395575e11
5.677624504977816e11	2.2062325391224664e11
5.732358369467708e11	2.3149390182223975e11
5.787619883491198e11	2.428998776267606e11
5.843414133735164e11	2.5486753211244482e11
5.899746255923547e11	2.6742451269447482e11
5.95662143529011e11	2.805998272018718e11
6.014044907055618e11	2.9442391079891583e11
6.072021956909884e11	3.089286961946169e11
6.130557921498202e11	3.241476873116707e11
6.189658188912622e11	3.401160365758773e11
6.249328199187811e11	3.568706260063926e11
6.309573444801943e11	3.7445015229405804e11
6.37039947118217e11	3.9289521606377026e11
6.431811877215092e11	4.1224841552673126e11
6.493816315762113e11	4.3255444473838837e11
6.556418494179785e11	4.538601966885387e11
6.619624174845145e11	4.762148714611998e11
6.683439175686135e11	4.996700897135221e11
6.747869370717123e11	5.2428001173528253e11
6.812920690579595e11	5.501014623633601e11
6.878599123088081e11	5.771940620390718e11
6.944910713781215e11	6.056203643103652e11
7.011861566478363e11	6.354460000958972e11
7.079457843841373e11	6.667398290432609e11
7.147705767941875e11	6.995740983303461e11
7.216611620833898e11	7.340246092756344e11
7.286181745132289e11	7.701708921416196e11
7.356422544596421e11	8.080963895339188e11
7.427340484719673e11	8.478886488313444e11
7.498942093324558e11	8.896395240558038e11
7.571233961163601e11	9.334453876602557e11
7.644222742525994e11	9.794073527633395e11
7.717915155850111e11	1.0276315063054442e12
7.792317984341924e11	1.078229153657155e12
7.867438076599377e11	1.1313170752605437e12
7.943282347242821e11	1.1870177958899248e12
8.019857777551353e11	1.2454598671523994e12
8.097171416105618e11	1.306778163879439e12
8.175230379436493e11	1.371114195092015e12
8.254041852680206e11	1.4386164302561296e12
8.333613090239576e11	1.5094406415801926e12
8.413951416451964e11	1.5837502631433503e12
8.49506422626333e11	1.6617167676817166e12
8.576958985908945e11	1.743520061900962e12
8.659643233600653e11	1.8293489012260347e12
8.743124580220731e11	1.9194013249411143e12
8.827410710022461e11	2.0138851127285938e12
8.91250938133744e11	2.113018263651961e12
8.998428427289725e11	2.217029498692407e12
9.085175756516843e11	2.3261587879926396e12
9.172759353897804e11	2.440657904023621e12
9.261187281287937e11	2.5607910019485674e12
9.350467678261195e11	2.686835228522084e12
9.440608762859226e11	2.8190813609266445e12
9.531618832347902e11	2.957834477019552e12
9.623506263980907e11	3.103414658529464e12
9.716279515771078e11	3.2561577288289023e12
9.809947127268784e11	3.4164160269792573e12
9.904517720348015e11	3.584559219832001e12
1.e12	3.760975154056223e12